"pitch_type","game_date","release_speed","release_pos_x","release_pos_z","player_name","batter","pitcher","events","description","spin_dir","spin_rate_deprecated","break_angle_deprecated","break_length_deprecated","zone","des","game_type","stand","p_throws","home_team","away_team","type","hit_location","bb_type","balls","strikes","game_year","pfx_x","pfx_z","plate_x","plate_z","on_3b","on_2b","on_1b","outs_when_up","inning","inning_topbot","hc_x","hc_y","tfs_deprecated","tfs_zulu_deprecated","fielder_2","umpire","sv_id","vx0","vy0","vz0","ax","ay","az","sz_top","sz_bot","hit_distance_sc","launch_speed","launch_angle","effective_speed","release_spin_rate","release_extension","game_pk","pitcher","fielder_2","fielder_3","fielder_4","fielder_5","fielder_6","fielder_7","fielder_8","fielder_9","release_pos_y","estimated_ba_using_speedangle","estimated_woba_using_speedangle","woba_value","woba_denom","babip_value","iso_value","launch_speed_angle","at_bat_number","pitch_number","pitch_name","home_score","away_score","bat_score","fld_score","post_away_score","post_home_score","post_bat_score","post_fld_score","if_fielding_alignment","of_fielding_alignment","spin_axis","delta_home_win_exp","delta_run_exp"
"FF","2022-09-04","94.7","-1.5","5.46","Toussaint, Touki",643289,657053,"strikeout","called_strike",,,,,6,"Mauricio Dubon called out on strikes.","R","R","R","LAA","HOU","S",2,,1,2,2022,"-0.52","1.24","0.28","2.45",663656,,543877,2,8,"Top",,,,,595453,,,5.8743777286528545,-137.7894085750105,-5.066736987860848,-7.8681555706193835,28.080018978088706,-15.406061173576232,"3.56","1.71",,,,"96.3",2235,"7.1",663435,657053,595453,645801,622110,642136,623205,666176,642423,666922,"53.45",,,"0",1,0,0,,61,4,"4-Seam Fastball",0,7,7,0,7,0,7,0,"Standard","Standard",221,"0.001","-0.339"
"CU","2022-09-04","78.2","-1.04","5.68","Toussaint, Touki",643289,657053,,"blocked_ball",,,,,14,"Mauricio Dubon called out on strikes.","R","R","R","LAA","HOU","B",,,0,2,2022,"0.99","-0.97","2.46","-0.14",663656,,543877,2,8,"Top",,,,,595453,,,5.7832326816817945,-113.66789365756429,-3.8253014309088904,7.259917579208203,23.574607022785084,-39.91182105713993,"3.45","1.75",,,,"78.8",2413,"7",663435,657053,595453,645801,622110,642136,623205,666176,642423,666922,"53.47",,,,,,,,61,3,"Curveball",0,7,7,0,7,0,7,0,"Standard","Standard",45,"0","0.033"
"CU","2022-09-04","75.7","-1.15","5.76","Toussaint, Touki",643289,657053,,"foul",,,,,13,"Mauricio Dubon called out on strikes.","R","R","R","LAA","HOU","S",,,0,1,2022,"0.75","-0.94","-0.86","2.02",663656,,543877,2,8,"Top",,,,,595453,,,-0.7318720441235166,-110.2765237793938,1.016263829926757,6.199004844589397,20.315555891913284,-40.23228384747648,"3.45","1.63",121,"64.7",69,"76.7",2218,"7",663435,657053,595453,645801,622110,642136,623205,666176,642423,666922,"53.5",,,,,,,,61,2,"Curveball",0,7,7,0,7,0,7,0,"Standard","Standard",50,"0","-0.09"
"CU","2022-09-04","76.1","-1.17","5.74","Toussaint, Touki",643289,657053,,"foul",,,,,14,"Mauricio Dubon called out on strikes.","R","R","R","LAA","HOU","S",,,0,0,2022,"0.65","-0.97","0.14","1.21",663656,,543877,2,8,"Top",,,,,595453,,,1.5828164098066184,-110.82584767690011,-0.6152669520066366,5.02000205598744,22.367482413850023,-40.188536878649806,"3.45","1.63",3,"86.8",-21,"76.5",2284,"6.8",663435,657053,595453,645801,622110,642136,623205,666176,642423,666922,"53.7",,,,,,,,61,1,"Curveball",0,7,7,0,7,0,7,0,"Strategic","Standard",51,"0","-0.078"
"SI","2022-09-04","89.7","-1.62","5.3","Toussaint, Touki",543877,657053,"force_out","hit_into_play",,,,,4,"Christian Vazquez lines into a force out, third baseman Matt Thaiss to second baseman Matt Duffy.   J.J. Matijevic out at 2nd.    Christian Vazquez to 1st.","R","R","R","LAA","HOU","X",5,"line_drive",1,0,2022,"-1.45","0.17","-0.55","2.09",663656,,656695,1,8,"Top",90.69,147.71,,,595453,,,5.765569675513145,-130.40595392030963,-2.1904611315041365,-17.722164900581802,32.50688214436807,-29.96235182827364,"3.16","1.51",158,"100",10,"89.7",1949,"6.8",663435,657053,595453,645801,622110,642136,623205,666176,642423,666922,"53.72",0.766,0.709,"0",1,0,0,4,60,2,"Sinker",0,7,7,0,7,0,7,0,"Standard","Standard",239,"0.001","-0.336"
"SI","2022-09-04","90.5","-1.57","5.3","Toussaint, Touki",543877,657053,,"ball",,,,,14,"Christian Vazquez lines into a force out, third baseman Matt Thaiss to second baseman Matt Duffy.   J.J. Matijevic out at 2nd.    Christian Vazquez to 1st.","R","R","R","LAA","HOU","B",,,0,0,2022,"-1.42","0.1","0.5","1.43",663656,,656695,1,8,"Top",,,,,595453,,,8.251985232774727,-131.47731211776144,-3.828250952029967,-18.312693265346372,32.02743125621652,-30.345592901688672,"3.12","1.7",,,,"90.5",2077,"6.7",663435,657053,595453,645801,622110,642136,623205,666176,642423,666922,"53.8",,,,,,,,60,1,"Sinker",0,7,7,0,7,0,7,0,"Standard","Standard",226,"0","0.054"
"SI","2022-09-04","92.6","-1.67","5.26","Toussaint, Touki",656695,657053,"single","hit_into_play",,,,,7,"J.J. Matijevic singles on a ground ball to center fielder Magneuris Sierra.   Kyle Tucker to 3rd.","R","L","R","LAA","HOU","X",8,"ground_ball",3,2,2022,"-1.18","0.49","-0.4","1.61",,,663656,1,8,"Top",112.48,100.41,,,595453,,,5.893084284674698,-134.57001917869354,-4.56927818842536,-15.610236470092941,31.781654450413484,-25.392167400264533,"3.44","1.64",108,"100.8",4,"93.1",2227,"6.8",663435,657053,595453,645801,622110,642136,623205,666176,642423,666922,"53.65",0.586,0.562,"0.9",1,1,0,4,59,7,"Sinker",0,7,7,0,7,0,7,0,"Standard","Standard",231,"-0.001","0.423"
"SI","2022-09-04","92.4","-1.65","5.25","Toussaint, Touki",656695,657053,,"foul",,,,,7,"J.J. Matijevic singles on a ground ball to center fielder Magneuris Sierra.   Kyle Tucker to 3rd.","R","L","R","LAA","HOU","S",,,3,2,2022,"-1.4","0.46","-0.65","1.99",,,663656,1,8,"Top",,,,,595453,,,5.652287906317077,-134.4118017419616,-3.4619644450550586,-18.21963274344711,32.755502639293155,-25.988487507376504,"3.44","1.64",213,"74.8",36,"92.9",2221,"6.9",663435,657053,595453,645801,622110,642136,623205,666176,642423,666922,"53.6",,,,,,,,59,6,"Sinker",0,7,7,0,7,0,7,0,"Strategic","Standard",226,"0","0"
"CU","2022-09-04","74.2","-1.23","5.67","Toussaint, Touki",656695,657053,,"ball",,,,,13,"J.J. Matijevic singles on a ground ball to center fielder Magneuris Sierra.   Kyle Tucker to 3rd.","R","L","R","LAA","HOU","B",,,2,2,2022,"1.08","-0.75","-1.85","2.24",,,663656,1,8,"Top",,,,,595453,,,-3.190168361407148,-107.8540717894243,1.6939167187584199,9.010368263401466,21.421059700658073,-38.54363328463392,"3.4","1.55",,,,"74.4",2297,"6.8",663435,657053,595453,645801,622110,642136,623205,666176,642423,666922,"53.7",,,,,,,,59,5,"Curveball",0,7,7,0,7,0,7,0,"Strategic","Standard",53,"0","0.089"
"CU","2022-09-04","75","-1.38","5.75","Toussaint, Touki",656695,657053,,"called_strike",,,,,11,"J.J. Matijevic singles on a ground ball to center fielder Magneuris Sierra.   Kyle Tucker to 3rd.","R","L","R","LAA","HOU","S",,,2,1,2022,"0.99","-0.93","-0.95","2.89",,,663656,1,8,"Top",,,,,595453,,,-0.8690003782617552,-109.1306742703358,3.0336785367991483,8.00431550131823,21.513467239409348,-40.35640574454089,"3.33","1.49",,,,"75.4",2326,"6.8",663435,657053,595453,645801,622110,642136,623205,666176,642423,666922,"53.67",,,,,,,,59,4,"Curveball",0,7,7,0,7,0,7,0,"Strategic","Standard",55,"0","-0.086"
"SI","2022-09-04","91.4","-1.6","5.27","Toussaint, Touki",656695,657053,,"foul",,,,,8,"J.J. Matijevic singles on a ground ball to center fielder Magneuris Sierra.   Kyle Tucker to 3rd.","R","L","R","LAA","HOU","S",,,2,0,2022,"-1.58","0.33","-0.19","2.06",,,663656,1,8,"Top",,,,,595453,,,7.03706436588507,-132.82596709559758,-2.892151447225877,-20.25393368921294,30.39823136447801,-27.795141867052106,"3.44","1.64",182,"65.8",42,"91.9",1113,"6.8",663435,657053,595453,645801,622110,642136,623205,666176,642423,666922,"53.7",,,,,,,,59,3,"Sinker",0,7,7,0,7,0,7,0,"Strategic","Standard",271,"0","-0.065"
"FS","2022-09-04","86.1","-1.57","5.3","Toussaint, Touki",656695,657053,,"blocked_ball",,,,,13,"J.J. Matijevic singles on a ground ball to center fielder Magneuris Sierra.   Kyle Tucker to 3rd.","R","L","R","LAA","HOU","B",,,1,0,2022,"-0.83","0.03","-0.73","0.74",,,663656,1,8,"Top",,,,,595453,,,3.7127129283638105,-125.42898075421007,-4.724539988349008,-9.523161881996923,24.505384562154013,-31.12253435688324,"3.44","1.52",,,,"87.2",1558,"6.8",663435,657053,595453,645801,622110,642136,623205,666176,642423,666922,"53.65",,,,,,,,59,2,"Split-Finger",0,7,7,0,7,0,7,0,"Strategic","Standard",242,"0","0.08"
"SI","2022-09-04","91.3","-1.68","5.28","Toussaint, Touki",656695,657053,,"ball",,,,,13,"J.J. Matijevic singles on a ground ball to center fielder Magneuris Sierra.   Kyle Tucker to 3rd.","R","L","R","LAA","HOU","B",,,0,0,2022,"-1.33","0.46","-1.02","2.09",,,663656,1,8,"Top",,,,,595453,,,4.562731049651867,-132.942434501455,-3.153231980396413,-16.68986039801031,29.59875378613537,-26.297711439947985,"3.35","1.55",,,,"92.1",1108,"6.8",663435,657053,595453,645801,622110,642136,623205,666176,642423,666922,"53.67",,,,,,,,59,1,"Sinker",0,7,7,0,7,0,7,0,"Strategic","Standard",292,"0","0.042"
"FS","2022-09-04","84.9","-1.43","5.42","Toussaint, Touki",663656,657053,"force_out","hit_into_play",,,,,13,"Kyle Tucker grounds into a force out, second baseman Matt Duffy to third baseman Matt Thaiss.   Trey Mancini out at 2nd.    Kyle Tucker to 1st.","R","L","R","LAA","HOU","X",4,"ground_ball",1,1,2022,"-0.73","0.3","-0.83","1.63",,,641820,0,8,"Top",138.49,150.01,,,595453,,,2.8822734435579305,-123.78124351744394,-3.273076513353829,-8.061722504139176,21.35553416785593,-28.6755970332774,"3.7","1.72",18,"98.5",-4,"86.2",1418,"6.7",663435,657053,595453,645801,622110,642136,623205,666176,642423,666922,"53.79",0.289,0.26,"0",1,0,0,2,58,3,"Split-Finger",0,7,7,0,7,0,7,0,"Infield shift","Standard",243,"0","-0.494"
"SI","2022-09-04","90.7","-1.71","5.25","Toussaint, Touki",663656,657053,,"foul",,,,,8,"Kyle Tucker grounds into a force out, second baseman Matt Duffy to third baseman Matt Thaiss.   Trey Mancini out at 2nd.    Kyle Tucker to 1st.","R","L","R","LAA","HOU","S",,,1,0,2022,"-1.28","0.56","-0.27","2.22",,,641820,0,8,"Top",,,,,595453,,,6.391466057392628,-131.8085481623622,-2.791953018114164,-16.281601983010592,30.50093551998119,-25.319253403297854,"3.7","1.72",237,"88.1",56,"91.1",2189,"6.8",663435,657053,595453,645801,622110,642136,623205,666176,642423,666922,"53.72",,,,,,,,58,2,"Sinker",0,7,7,0,7,0,7,0,"Infield shift","Standard",221,"0","-0.074"
"CU","2022-09-04","74.4","-1.41","5.79","Toussaint, Touki",663656,657053,,"ball",,,,,13,"Kyle Tucker grounds into a force out, second baseman Matt Duffy to third baseman Matt Thaiss.   Trey Mancini out at 2nd.    Kyle Tucker to 1st.","R","L","R","LAA","HOU","B",,,0,0,2022,"1.11","-0.82","-0.84","1.53",,,641820,0,8,"Top",,,,,595453,,,-0.7925856444552556,-108.2865734096151,0.009173353118213212,8.827255042189133,20.72815054487433,-38.80446263137875,"3.46","1.64",,,,"74.6",2300,"6.6",663435,657053,595453,645801,622110,642136,623205,666176,642423,666922,"53.86",,,,,,,,58,1,"Curveball",0,7,7,0,7,0,7,0,"Infield shift","Standard",48,"0","0.059"
"SI","2022-09-04","89.6","-1.95","5.34","Toussaint, Touki",641820,657053,"hit_by_pitch","hit_by_pitch",,,,,11,"Trey Mancini hit by pitch.","R","R","R","LAA","HOU","B",,,0,0,2022,"-1.06","0.76","-1.96","3.29",,,,0,8,"Top",,,,,595453,,,2.231351915527778,-130.48196514777408,-0.6642652200549035,-12.573893199902818,27.929111778099976,-23.613239468432845,"3.63","1.68",,,,"90.3",2210,"6.7",663435,657053,595453,645801,622110,642136,623205,666176,642423,666922,"53.81",,,"0.7",1,0,0,,57,1,"Sinker",0,7,7,0,7,0,7,0,"Standard","Standard",226,"0","0.398"
"FF","2022-09-04","92.8","-1.81","5.31","Toussaint, Touki",670541,657053,"field_out","hit_into_play",,,,,2,"Yordan Alvarez flies out to left fielder Jo Adell.","R","L","R","LAA","HOU","X",7,"fly_ball",3,1,2022,"-0.81","1.2","0","3.2",,,,2,7,"Top",53.12,122.9,,,595453,,,6.484659004129209,-135.04758365664387,-2.244370399983441,-11.361069638631738,29.391867513938827,-17.168771019748107,"3.5","1.73",261,"90.8",55,"93.8",2288,"6.9",663435,657053,595453,645801,650859,622110,623205,666176,666922,621493,"53.65",0.006,0.005,"0",1,0,0,3,51,5,"4-Seam Fastball",0,7,7,0,7,0,7,0,"Infield shift","Standard",230,"0.001","-0.153"
"FF","2022-09-04","92.3","-1.66","5.33","Toussaint, Touki",670541,657053,,"ball",,,,,13,"Yordan Alvarez flies out to left fielder Jo Adell.","R","L","R","LAA","HOU","B",,,2,1,2022,"-0.9","1.13","-2.24","2.24",,,,2,7,"Top",,,,,595453,,,0.505050093101018,-134.3778543719165,-4.569329478269989,-11.034488073905798,28.725369595935902,-17.682189733816383,"3.53","1.71",,,,"93.2",1495,"6.8",663435,657053,595453,645801,650859,622110,623205,666176,666922,621493,"53.72",,,,,,,,51,4,"4-Seam Fastball",0,7,7,0,7,0,7,0,"Infield shift","Standard",172,"0","0.039"
"FS","2022-09-04","85.3","-1.36","5.47","Toussaint, Touki",670541,657053,,"ball",,,,,14,"Yordan Alvarez flies out to left fielder Jo Adell.","R","L","R","LAA","HOU","B",,,1,1,2022,"-0.78","0.36","1.12","1.79",,,,2,7,"Top",,,,,595453,,,7.494861813792924,-124.04609709467239,-3.1373705853867366,-9.558036243511344,23.53966024695598,-28.01085449888756,"3.56","1.8",,,,"86.5",1569,"7",663435,657053,595453,645801,650859,622110,623205,666176,666922,621493,"53.5",,,,,,,,51,3,"Split-Finger",0,7,7,0,7,0,7,0,"Infield shift","Standard",237,"0","0.021"
"FS","2022-09-04","86.7","-1.52","5.5","Toussaint, Touki",670541,657053,,"ball",,,,,13,"Yordan Alvarez flies out to left fielder Jo Adell.","R","L","R","LAA","HOU","B",,,0,1,2022,"-1.02","0.25","-2.15","2.04",,,,2,7,"Top",,,,,595453,,,0.5859600824702352,-126.27674883037704,-2.611208111612312,-11.050045193122758,25.24562451144189,-29.173605971983157,"3.58","1.8",,,,"87.4",1589,"6.7",663435,657053,595453,645801,650859,622110,623205,666176,666922,621493,"53.84",,,,,,,,51,2,"Split-Finger",0,7,7,0,7,0,7,0,"Infield shift","Standard",239,"0","0.011"
"CU","2022-09-04","74.7","-1.27","5.83","Toussaint, Touki",670541,657053,,"called_strike",,,,,7,"Yordan Alvarez flies out to left fielder Jo Adell.","R","L","R","LAA","HOU","S",,,0,0,2022,"1.02","-0.87","-0.52","1.65",,,,2,7,"Top",,,,,595453,,,-0.27873681049103566,-108.71951624572614,0.18292763495968423,8.119967972642618,20.92225783577501,-39.272222924102685,"3.5","1.73",,,,"75.1",2240,"6.8",663435,657053,595453,645801,650859,622110,623205,666176,666922,621493,"53.67",,,,,,,,51,1,"Curveball",0,7,7,0,7,0,7,0,"Infield shift","Standard",44,"0","-0.017"
"CU","2022-09-04","76","-1.06","5.85","Toussaint, Touki",665161,657053,"strikeout","swinging_strike",,,,,13,"Jeremy Pena strikes out swinging.","R","R","R","LAA","HOU","S",2,,0,2,2022,"1.02","-0.98","-0.28","1.43",,,,1,7,"Top",,,,,595453,,,-0.19730396717789872,-110.57966955031137,-0.344904395068655,8.325628573651407,22.07005247583714,-40.28354061671623,"3.68","1.77",,,,"76.2",2352,"6.7",663435,657053,595453,645801,650859,622110,623205,666176,666922,621493,"53.78",,,"0",1,0,0,,50,3,"Curveball",0,7,7,0,7,0,7,0,"Standard","Standard",45,"0","-0.1"
"CU","2022-09-04","74.6","-1.24","5.96","Toussaint, Touki",665161,657053,,"swinging_strike",,,,,14,"Jeremy Pena strikes out swinging.","R","R","R","LAA","HOU","S",,,0,1,2022,"0.92","-0.65","1.61","1.14",,,,1,7,"Top",,,,,595453,,,4.285237600293281,-108.5252717888456,-1.486048941550731,6.32712614199969,21.388105597074762,-37.19161663246193,"3.68","1.77",,,,"75",2348,"6.9",663435,657053,595453,645801,650859,622110,623205,666176,666922,621493,"53.63",,,,,,,,50,2,"Curveball",0,7,7,0,7,0,7,0,"Standard","Standard",56,"0","-0.031"
"SI","2022-09-04","90.7","-1.87","5.38","Toussaint, Touki",665161,657053,,"called_strike",,,,,8,"Jeremy Pena strikes out swinging.","R","R","R","LAA","HOU","S",,,0,0,2022,"-1.37","0.21","0.03","1.63",,,,1,7,"Top",,,,,595453,,,7.763853274285766,-131.8356680728388,-3.9130431626336746,-17.578503327318433,28.151507014873644,-29.063025423675473,"3.67","1.68",,,,"91.7",2135,"7",663435,657053,595453,645801,650859,622110,623205,666176,666922,621493,"53.53",,,,,,,,50,1,"Sinker",0,7,7,0,7,0,7,0,"Standard","Standard",237,"0","-0.024"
"SI","2022-08-30","89.9","-1.85","5.17","Toussaint, Touki",519317,657053,"force_out","hit_into_play",,,,,5,"Giancarlo Stanton grounds into a force out, shortstop David Fletcher to second baseman Luis Rengifo.   Aaron Judge out at 2nd.","R","R","R","LAA","NYY","X",6,"ground_ball",1,0,2022,"-1.14","0.52","-0.1","2.94",,,592450,2,9,"Top",110.15,147.79,,,545358,,,6.830118527814702,-130.76380450898728,-0.6370666692469702,-14.56752953934028,27.97549680977132,-26.263920742078025,"3.73","1.82",49,"113.5",-1,"90.8",2250,"6.9",663437,657053,545358,645801,650859,642136,664058,642423,545361,621493,"53.58",0.503,0.453,"0",1,0,0,4,69,2,"Sinker",3,7,7,3,7,3,7,3,"Standard","Standard",216,"0.001","-0.25"
"SI","2022-08-30","92.1","-1.55","5.2","Toussaint, Touki",519317,657053,,"ball",,,,,14,"Giancarlo Stanton grounds into a force out, shortstop David Fletcher to second baseman Luis Rengifo.   Aaron Judge out at 2nd.","R","R","R","LAA","NYY","B",,,0,0,2022,"-1.45","0.46","0.86","2.38",,,592450,2,9,"Top",,,,,545358,,,9.391032133614658,-133.7109800726005,-2.2648946667499814,-19.508362967269065,31.632927363021533,-26.412757086651737,"3.78","1.82",,,,"92.8",2144,"7.1",663437,657053,545358,645801,650859,642136,664058,642423,545361,621493,"53.42",,,,,,,,69,1,"Sinker",3,7,7,3,7,3,7,3,"Standard","Standard",260,"0","0.032"
"SI","2022-08-30","92.7","-1.59","5.17","Toussaint, Touki",592450,657053,"single","hit_into_play",,,,,13,"Aaron Judge singles on a sharp line drive to left fielder Magneuris Sierra.","R","R","R","LAA","NYY","X",7,"line_drive",3,2,2022,"-1.2","0.44","-0.96","2.61",,,,2,9,"Top",80.47,123.56,,,545358,,,4.278413213749514,-135.0011270292944,-1.714043682239074,-15.609892595778396,30.329720344833227,-26.637839041391384,"3.94","1.86",139,"101.9",7,"93.5",2167,"6.8",663437,657053,545358,645801,650859,642136,664058,642423,545361,621493,"53.7",0.689,0.661,"0.9",1,1,0,4,68,6,"Sinker",3,7,7,3,7,3,7,3,"Infield shift","Standard",227,"0","0.1"
"CU","2022-08-30","76.5","-1.31","5.56","Toussaint, Touki",592450,657053,,"ball",,,,,14,"Aaron Judge singles on a sharp line drive to left fielder Magneuris Sierra.","R","R","R","LAA","NYY","B",,,2,2,2022,"1.22","-0.91","1.58","0.52",,,,2,9,"Top",,,,,545358,,,3.9360199876541424,-111.26399387863952,-1.8874100205194242,9.285128929672801,22.318493101173118,-39.48960658518539,"3.96","1.86",,,,"77.4",2504,"7.3",663437,657053,545358,645801,650859,642136,664058,642423,545361,621493,"53.24",,,,,,,,68,5,"Curveball",3,7,7,3,7,3,7,3,"Infield shift","Standard",43,"0","0.033"
"FS","2022-08-30","89.3","-1.41","5.25","Toussaint, Touki",592450,657053,,"ball",,,,,14,"Aaron Judge singles on a sharp line drive to left fielder Magneuris Sierra.","R","R","R","LAA","NYY","B",,,1,2,2022,"-0.81","0.23","0.32","1.58",,,,2,9,"Top",,,,,545358,,,6.053829960114301,-130.05304942473884,-3.586551899991455,-10.417712768731635,25.584803040168104,-29.07604099244562,"3.96","1.86",,,,"90.9",1434,"7.1",663437,657053,545358,645801,650859,642136,664058,642423,545361,621493,"53.41",,,,,,,,68,4,"Split-Finger",3,7,7,3,7,3,7,3,"Infield shift","Standard",231,"0","0.014"
"FS","2022-08-30","88","-1.54","5.21","Toussaint, Touki",592450,657053,,"swinging_strike",,,,,14,"Aaron Judge singles on a sharp line drive to left fielder Magneuris Sierra.","R","R","R","LAA","NYY","S",,,1,1,2022,"-0.9","0.37","0.04","1.69",,,,2,9,"Top",,,,,545358,,,5.7712601758335715,-128.09883782650164,-3.252388374233206,-11.084959862445404,26.29977921919954,-27.626720471091087,"3.94","1.86",,,,"89.4",1477,"7.1",663437,657053,545358,645801,650859,642136,664058,642423,545361,621493,"53.41",,,,,,,,68,3,"Split-Finger",3,7,7,3,7,3,7,3,"Infield shift","Standard",237,"0","-0.023"
"CU","2022-08-30","75.6","-1.29","5.61","Toussaint, Touki",592450,657053,,"ball",,,,,14,"Aaron Judge singles on a sharp line drive to left fielder Magneuris Sierra.","R","R","R","LAA","NYY","B",,,0,1,2022,"1.4","-0.89","0.5","0.89",,,,2,9,"Top",,,,,545358,,,1.2484774774471754,-110.03256504779975,-1.0526221825740474,11.010332997724094,21.917820017433627,-39.40564337451135,"3.99","1.86",,,,"76.3",2488,"7.1",663437,657053,545358,645801,650859,642136,664058,642423,545361,621493,"53.44",,,,,,,,68,2,"Curveball",3,7,7,3,7,3,7,3,"Infield shift","Standard",40,"0","0.011"
"SI","2022-08-30","90.5","-1.52","5.22","Toussaint, Touki",592450,657053,,"called_strike",,,,,1,"Aaron Judge singles on a sharp line drive to left fielder Magneuris Sierra.","R","R","R","LAA","NYY","S",,,0,0,2022,"-1.02","0.55","-0.41","3.53",,,,2,9,"Top",,,,,545358,,,5.023119177797146,-131.76344010634432,0.5288128478897743,-12.996046561103935,26.988230032136432,-26.029744366035292,"3.99","1.86",,,,"91.9",2250,"7",663437,657053,545358,645801,650859,642136,664058,642423,545361,621493,"53.47",,,,,,,,68,1,"Sinker",3,7,7,3,7,3,7,3,"Infield shift","Standard",205,"0","-0.017"
"FS","2022-08-30","86.1","-1.45","5.37","Toussaint, Touki",643217,657053,"field_out","hit_into_play",,,,,8,"Andrew Benintendi lines out to right fielder Taylor Ward.","R","L","R","LAA","NYY","X",9,"line_drive",0,0,2022,"-0.95","0.17","0.06","1.96",,,,1,9,"Top",196.06,97.74,,,545358,,,5.557330853972548,-125.4107351410566,-2.2880559701875343,-11.109913702318723,23.64379323065247,-30.122574242747245,"3.28","1.49",304,"96.2",21,"87.1",1424,"6.7",663437,657053,545358,645801,650859,642136,664058,642423,545361,621493,"53.8",0.237,0.286,"0",1,0,0,3,67,1,"Split-Finger",3,7,7,3,7,3,7,3,"Strategic","Standard",246,"0.001","-0.156"
"SI","2022-08-30","89.6","-1.67","5.22","Toussaint, Touki",518934,657053,"field_out","hit_into_play",,,,,5,"DJ LeMahieu grounds out, third baseman Matt Thaiss to first baseman Mike Ford.","R","R","R","LAA","NYY","X",5,"ground_ball",0,1,2022,"-1.11","0.58","0.23","2.61",,,,0,9,"Top",100.46,159.3,,,545358,,,7.115663430067099,-130.37195278575328,-1.7144780471622574,-14.192448600193762,26.96179670393687,-25.36985086972414,"3.37","1.62",2,"81.6",-51,"90.6",2207,"6.9",663437,657053,545358,645801,650859,642136,664058,642423,545361,621493,"53.65",0.169,0.157,"0",1,0,0,2,66,2,"Sinker",3,7,7,3,7,3,7,3,"Standard","Standard",215,"0.001","-0.187"
"CU","2022-08-30","74.2","-1.25","5.7","Toussaint, Touki",518934,657053,,"called_strike",,,,,6,"DJ LeMahieu grounds out, third baseman Matt Thaiss to first baseman Mike Ford.","R","R","R","LAA","NYY","S",,,0,0,2022,"1.27","-0.95","0.52","2.31",,,,0,9,"Top",,,,,545358,,,1.3989553048894363,-107.93122328278237,2.1084733515288345,9.601264093981722,21.003595211922924,-40.17800265754002,"3.3","1.62",,,,"74.7",2298,"6.9",663437,657053,545358,645801,650859,642136,664058,642423,545361,621493,"53.58",,,,,,,,66,1,"Curveball",3,7,7,3,7,3,7,3,"Standard","Standard",50,"0","-0.034"
"SI","2022-08-30","90.4","-1.62","5.26","Toussaint, Touki",543309,657053,"field_out","hit_into_play",,,,,5,"Kyle Higashioka grounds out sharply, second baseman David Fletcher to first baseman Mike Ford.","R","R","R","LAA","NYY","X",4,"ground_ball",2,0,2022,"-0.91","0.56","0.24","2.64",,,,2,8,"Top",118.63,145.37,,,545358,,,6.661009447954701,-131.5998753966873,-1.8149545395455287,-11.973059862238562,27.25012720733752,-25.52317362496146,"3.35","1.54",45,"106.9",-1,"91.6",2271,"6.9",663437,657053,545358,645801,664058,650859,623205,642423,545361,621493,"53.55",0.477,0.455,"0",1,0,0,4,62,3,"Sinker",3,7,7,3,7,3,7,3,"Infield shift","Standard",211,"0.002","-0.137"
"SI","2022-08-30","90.7","-1.68","5.29","Toussaint, Touki",543309,657053,,"ball",,,,,12,"Kyle Higashioka grounds out sharply, second baseman David Fletcher to first baseman Mike Ford.","R","R","R","LAA","NYY","B",,,1,0,2022,"-1","0.58","1.28","3.03",,,,2,8,"Top",,,,,545358,,,9.626662675366497,-131.73608937212862,-0.958308519306651,-13.706408983572846,27.351581521327464,-25.39843229623522,"3.35","1.54",,,,"91.6",2292,"6.9",663437,657053,545358,645801,664058,650859,623205,642423,545361,621493,"53.61",,,,,,,,62,2,"Sinker",3,7,7,3,7,3,7,3,"Infield shift","Standard",216,"0","0.023"
"SI","2022-08-30","90.2","-1.79","5.24","Toussaint, Touki",543309,657053,,"ball",,,,,13,"Kyle Higashioka grounds out sharply, second baseman David Fletcher to first baseman Mike Ford.","R","R","R","LAA","NYY","B",,,0,0,2022,"-0.88","0.46","-1.55","2.41",,,,2,8,"Top",,,,,545358,,,2.4990882197813784,-131.34506433668173,-2.1003155490933523,-10.714517574477423,26.862210947105872,-26.64039061222317,"3.37","1.54",,,,"91.2",2266,"6.8",663437,657053,545358,645801,664058,650859,623205,642423,545361,621493,"53.7",,,,,,,,62,1,"Sinker",3,7,7,3,7,3,7,3,"Infield shift","Standard",227,"0","0.015"
"SI","2022-08-30","91.6","-1.46","5.29","Toussaint, Touki",643396,657053,"field_out","hit_into_play",,,,,6,"Isiah Kiner-Falefa flies out to right fielder Taylor Ward.","R","R","R","LAA","NYY","X",9,"fly_ball",2,2,2022,"-0.9","0.66","0.55","2.49",,,,1,8,"Top",213.62,108.33,,,545358,,,7.1142105595620855,-133.28576068265835,-2.692590884490104,-12.253252943052578,27.706625398976833,-23.939518575145073,"3.1","1.38",310,"89.1",29,"93.1",2268,"7.1",663437,657053,545358,645801,664058,650859,623205,642423,545361,621493,"53.42",0.071,0.086,"0",1,0,0,3,61,5,"Sinker",3,7,7,3,7,3,7,3,"Standard","Standard",213,"0.002","-0.134"
"CU","2022-08-30","76.6","-1.12","5.59","Toussaint, Touki",643396,657053,,"ball",,,,,14,"Isiah Kiner-Falefa flies out to right fielder Taylor Ward.","R","R","R","LAA","NYY","B",,,1,2,2022,"0.98","-1.17","1.92","-1.08",,,,1,8,"Top",,,,,545358,,,4.719070897859038,-111.30848381054581,-4.883353154438915,7.103294069575652,23.207931965899864,-40.98034193957567,"2.96","1.38",,,,"77.4",2511,"7.3",663437,657053,545358,645801,664058,650859,623205,642423,545361,621493,"53.22",,,,,,,,61,4,"Curveball",3,7,7,3,7,3,7,3,"Standard","Standard",47,"0","0.023"
"FF","2022-08-30","92.3","-1.43","5.46","Toussaint, Touki",643396,657053,,"ball",,,,,12,"Isiah Kiner-Falefa flies out to right fielder Taylor Ward.","R","R","R","LAA","NYY","B",,,0,2,2022,"-0.28","1.06","1.5","2.35",,,,1,8,"Top",,,,,545358,,,8.13831650115788,-134.264350992113,-4.50231895830537,-4.9496776806605505,26.368679968358812,-18.520249300215184,"2.96","1.38",,,,"93.7",2237,"6.9",663437,657053,545358,645801,664058,650859,623205,642423,545361,621493,"53.57",,,,,,,,61,3,"4-Seam Fastball",3,7,7,3,7,3,7,3,"Standard","Standard",216,"0","0.011"
"SI","2022-08-30","90.3","-1.58","5.28","Toussaint, Touki",643396,657053,,"swinging_strike",,,,,11,"Isiah Kiner-Falefa flies out to right fielder Taylor Ward.","R","R","R","LAA","NYY","S",,,0,1,2022,"-0.94","0.65","-0.06","3.27",,,,1,8,"Top",,,,,545358,,,5.850446140864269,-131.410242928756,-0.4186823187691301,-12.075179928970044,27.50107687367635,-24.78966740435097,"3.1","1.38",,,,"91.3",2193,"6.9",663437,657053,545358,645801,664058,650859,623205,642423,545361,621493,"53.62",,,,,,,,61,2,"Sinker",3,7,7,3,7,3,7,3,"Standard","Standard",216,"0","-0.031"
"CU","2022-08-30","73.3","-1.3","5.8","Toussaint, Touki",643396,657053,,"called_strike",,,,,4,"Isiah Kiner-Falefa flies out to right fielder Taylor Ward.","R","R","R","LAA","NYY","S",,,0,0,2022,"1.02","-0.93","-0.64","2.19",,,,1,8,"Top",,,,,545358,,,-0.4460844301442393,-106.6659756982381,1.7395143546125422,7.84020105610411,19.599443644659974,-39.81105699621506,"3.03","1.38",,,,"74",2356,"7",663437,657053,545358,645801,664058,650859,623205,642423,545361,621493,"53.55",,,,,,,,61,1,"Curveball",3,7,7,3,7,3,7,3,"Standard","Standard",50,"0","-0.024"
"CU","2022-08-30","74.4","-1.47","5.68","Toussaint, Touki",665828,657053,"field_out","hit_into_play",,,,,8,"Oswaldo Cabrera pops out to third baseman Luis Rengifo.","R","L","R","LAA","NYY","X",5,"popup",0,1,2022,"0.9","-0.96","-0.17","1.55",,,,0,8,"Top",129.51,187.76,,,545358,,,1.1154605935858515,-108.38818501185231,0.4819178319510826,6.8112090658201865,20.373052806787165,-40.00946051689046,"3.17","1.49",38,"64.7",78,"74.6",2324,"6.6",663437,657053,545358,645801,664058,650859,623205,642423,545361,621493,"53.95",0.006,0.005,"0",1,0,0,3,60,2,"Curveball",3,7,7,3,7,3,7,3,"Infield shift","Standard",45,"0.003","-0.187"
"FS","2022-08-30","86.1","-1.52","5.38","Toussaint, Touki",665828,657053,,"foul",,,,,6,"Oswaldo Cabrera pops out to third baseman Luis Rengifo.","R","L","R","LAA","NYY","S",,,0,0,2022,"-0.8","0.25","0.28","2.12",,,,0,8,"Top",,,,,545358,,,5.974982807987345,-125.30617331365177,-2.086778806516979,-9.527295110872458,22.75067785676859,-29.372142562326516,"3.17","1.49",11,"91.5",-12,"87.5",1503,"6.9",663437,657053,545358,645801,664058,650859,623205,642423,545361,621493,"53.55",,,,,,,,60,1,"Split-Finger",3,7,7,3,7,3,7,3,"Infield shift","Standard",217,"0","-0.034"
"FS","2022-08-30","86.5","-1.39","5.25","Toussaint, Touki",518626,657053,"strikeout","swinging_strike",,,,,7,"Josh Donaldson strikes out swinging.","R","R","R","LAA","NYY","S",2,,2,2,2022,"-0.85","0.03","-0.42","1.61",,,519203,2,7,"Top",,,,,545358,,,4.112685307818262,-125.90606038766789,-2.5691567204600343,-9.90563648580233,24.597418870930603,-31.53310732197234,"3.27","1.57",,,,"87.6",1652,"6.9",663437,657053,545358,645801,664058,650859,623205,642423,545361,621493,"53.61",,,"0",1,0,0,,55,5,"Split-Finger",3,7,7,3,7,3,7,3,"Standard","Standard",244,"0.005","-0.188"
"CU","2022-08-30","77.5","-1.11","5.53","Toussaint, Touki",518626,657053,,"blocked_ball",,,,,14,"Josh Donaldson strikes out swinging.","R","R","R","LAA","NYY","B",,,1,2,2022,"1.17","-1.1","0.91","0.92",,,519203,2,7,"Top",,,,,545358,,,2.2174645828240642,-112.8060837311901,-0.774737440903272,9.386966779192665,24.27065252101994,-41.490712711817245,"3.27","1.57",,,,"78.1",2554,"7.1",663437,657053,545358,645801,664058,650859,623205,642423,545361,621493,"53.36",,,,,,,,55,4,"Curveball",3,7,7,3,7,3,7,3,"Standard","Standard",45,"0","0.029"
"CU","2022-08-30","75.4","-1.2","5.63","Toussaint, Touki",518626,657053,,"swinging_strike",,,,,9,"Josh Donaldson strikes out swinging.","R","R","R","LAA","NYY","S",,,1,1,2022,"0.99","-1.11","0.52","1.8",,,519203,2,7,"Top",,,,,545358,,,1.8389197173128335,-109.6283849190287,1.318291406069771,7.461796475733803,22.941110854537317,-41.565408665188556,"3.27","1.57",,,,"75.5",2517,"6.8",663437,657053,545358,645801,664058,650859,623205,642423,545361,621493,"53.68",,,,,,,,55,3,"Curveball",3,7,7,3,7,3,7,3,"Infield shift","Standard",45,"0","-0.051"
"SI","2022-08-30","91.2","-1.67","5.17","Toussaint, Touki",518626,657053,,"called_strike",,,,,9,"Josh Donaldson strikes out swinging.","R","R","R","LAA","NYY","S",,,1,0,2022,"-1.26","0.23","0.64","1.82",,,519203,2,7,"Top",,,,,545358,,,8.642543169817593,-132.43188200588312,-2.9794964785522273,-16.683166722868886,30.499015426429075,-29.046938348256962,"3.22","1.57",,,,"92.1",2015,"7.1",663437,657053,545358,645801,664058,650859,623205,642423,545361,621493,"53.38",,,,,,,,55,2,"Sinker",3,7,7,3,7,3,7,3,"Infield shift","Standard",312,"0","-0.041"
"SI","2022-08-30","91.3","-1.64","5.08","Toussaint, Touki",518626,657053,,"ball",,,,,14,"Josh Donaldson strikes out swinging.","R","R","R","LAA","NYY","B",,,0,0,2022,"-1.17","0.24","1.03","1.84",,,519203,2,7,"Top",,,,,545358,,,9.385230047878016,-132.6699031181507,-2.79358922354814,-15.879673624366323,29.319734561564974,-28.944802140915918,"3.41","1.57",,,,"92.3",2250,"7.1",663437,657053,545358,645801,664058,650859,623205,642423,545361,621493,"53.44",,,,,,,,55,1,"Sinker",3,7,7,3,7,3,7,3,"Infield shift","Standard",223,"0","0.032"
"FF","2022-08-30","93.9","-1.65","5.22","Toussaint, Touki",519203,657053,"walk","ball",,,,,11,"Anthony Rizzo walks.","R","L","R","LAA","NYY","B",,,3,0,2022,"-0.33","1.22","-0.36","4.01",,,,2,7,"Top",,,,,545358,,,4.115119265391486,-136.6906330316496,-0.12642171914579242,-4.995703116303714,30.041005970932844,-17.001719502691856,"3.65","1.73",,,,"95",2320,"6.9",663437,657053,545358,645801,664058,650859,623205,642423,545361,621493,"53.63",,,"0.7",1,0,0,,54,4,"4-Seam Fastball",3,7,7,3,7,3,7,3,"Infield shift","Standard",221,"-0.002","0.039"
"FS","2022-08-30","87.3","-1.69","5.19","Toussaint, Touki",519203,657053,,"ball",,,,,13,"Anthony Rizzo walks.","R","L","R","LAA","NYY","B",,,2,0,2022,"-1.04","0.2","-0.71","1.42",,,,2,7,"Top",,,,,545358,,,4.564658906267107,-127.10811849973433,-3.401539222083918,-12.185606363101101,25.55142595297364,-29.50491394027602,"3.65","1.73",,,,"88.9",1709,"7.2",663437,657053,545358,645801,664058,650859,623205,642423,545361,621493,"53.32",,,,,,,,54,3,"Split-Finger",3,7,7,3,7,3,7,3,"Infield shift","Standard",245,"0","0.042"
"CU","2022-08-30","76.2","-1.41","5.53","Toussaint, Touki",519203,657053,,"ball",,,,,14,"Anthony Rizzo walks.","R","L","R","LAA","NYY","B",,,1,0,2022,"1.17","-0.79","1.58","2.11",,,,2,7,"Top",,,,,545358,,,4.211881588974178,-110.80346539289698,1.418105981884447,8.7145933314786,22.387707444511424,-39.13639292368581,"3.65","1.73",,,,"76.5",2459,"6.8",663437,657053,545358,645801,664058,650859,623205,642423,545361,621493,"53.67",,,,,,,,54,2,"Curveball",3,7,7,3,7,3,7,3,"Infield shift","Standard",51,"0","0.023"
"CU","2022-08-30","76.3","-1.41","5.58","Toussaint, Touki",519203,657053,,"ball",,,,,14,"Anthony Rizzo walks.","R","L","R","LAA","NYY","B",,,0,0,2022,"1.07","-1.03","0.87","1.02",,,,2,7,"Top",,,,,545358,,,2.8855664027157775,-111.02684737792379,-0.558836371186752,8.159423099833898,23.05714205341091,-40.747428094549285,"3.63","1.73",,,,"76.8",2587,"7",663437,657053,545358,645801,664058,650859,623205,642423,545361,621493,"53.48",,,,,,,,54,1,"Curveball",3,7,7,3,7,3,7,3,"Infield shift","Standard",44,"0","0.015"
"SI","2022-08-30","92.1","-1.8","5.17","Toussaint, Touki",519317,657053,"field_out","hit_into_play",,,,,1,"Giancarlo Stanton grounds out, second baseman David Fletcher to first baseman Mike Ford.","R","R","R","LAA","NYY","X",4,"ground_ball",0,1,2022,"-1.19","0.23","-0.63","3.32",,,,1,7,"Top",150.13,153.24,,,545358,,,5.605789583965683,-134.0557592175852,0.6618753981115092,-15.53045134759241,29.143756541204016,-29.715433584510386,"3.73","1.82",8,"87.8",-21,"93.1",2230,"6.9",663437,657053,545358,645801,664058,650859,623205,642423,545361,621493,"53.59",0.123,0.133,"0",1,0,0,2,53,2,"Sinker",3,7,7,3,7,3,7,3,"Standard","Standard",213,"0.003","-0.132"
"SI","2022-08-30","91.3","-1.57","5.25","Toussaint, Touki",519317,657053,,"called_strike",,,,,7,"Giancarlo Stanton grounds out, second baseman David Fletcher to first baseman Mike Ford.","R","R","R","LAA","NYY","S",,,0,0,2022,"-1.26","0.16","-0.28","2.28",,,,1,7,"Top",,,,,545358,,,6.0429006551669975,-132.78672919997325,-1.919234615186274,-16.168928608006592,29.36926101576333,-30.115287686109035,"3.68","1.82",,,,"92.4",2140,"7",663437,657053,545358,645801,664058,650859,623205,642423,545361,621493,"53.46",,,,,,,,53,1,"Sinker",3,7,7,3,7,3,7,3,"Standard","Standard",224,"0","-0.024"
"FS","2022-08-30","86.3","-1.58","5.24","Toussaint, Touki",592450,657053,"field_out","hit_into_play",,,,,4,"Aaron Judge lines out sharply to third baseman Luis Rengifo.","R","R","R","LAA","NYY","X",5,"line_drive",2,1,2022,"-0.61","0.41","-0.7","2.65",,,,0,7,"Top",96.83,164.75,,,545358,,,3.383980975264913,-125.70642660578288,-0.7888073108451661,-7.167541764852959,24.95736253919772,-27.850060103457043,"3.94","1.86",135,"105.4",7,"87.6",1276,"7",663437,657053,545358,645801,664058,650859,623205,642423,545361,621493,"53.51",0.606,0.548,"0",1,0,0,4,52,4,"Split-Finger",3,7,7,3,7,3,7,3,"Infield shift","Standard",243,"0.005","-0.261"
"FS","2022-08-30","88.1","-1.59","5.26","Toussaint, Touki",592450,657053,,"foul",,,,,7,"Aaron Judge lines out sharply to third baseman Luis Rengifo.","R","R","R","LAA","NYY","S",,,2,0,2022,"-0.97","0.2","-0.47","2.37",,,,0,7,"Top",,,,,545358,,,4.809132214081167,-128.29024957777835,-1.3594151657036422,-11.714964263453664,26.088312293885586,-29.877369763784266,"3.94","1.86",4,"82.7",-31,"89.4",1667,"7",663437,657053,545358,645801,664058,650859,623205,642423,545361,621493,"53.47",,,,,,,,52,3,"Split-Finger",3,7,7,3,7,3,7,3,"Infield shift","Standard",229,"0","-0.056"
"FS","2022-08-30","86.9","-1.63","5.21","Toussaint, Touki",592450,657053,,"ball",,,,,13,"Aaron Judge lines out sharply to third baseman Luis Rengifo.","R","R","R","LAA","NYY","B",,,1,0,2022,"-0.68","0.44","-0.08","1.27",,,,0,7,"Top",,,,,545358,,,5.188894407035537,-126.42997883448116,-4.215668246711251,-8.374074214770125,24.647776316954193,-26.856634213919662,"3.89","1.86",,,,"88.2",1631,"7",663437,657053,545358,645801,664058,650859,623205,642423,545361,621493,"53.46",,,,,,,,52,2,"Split-Finger",3,7,7,3,7,3,7,3,"Infield shift","Standard",270,"0","0.063"
"CU","2022-08-30","77.1","-1.19","5.66","Toussaint, Touki",592450,657053,,"ball",,,,,14,"Aaron Judge lines out sharply to third baseman Luis Rengifo.","R","R","R","LAA","NYY","B",,,0,0,2022,"1.14","-1","0.96","1.64",,,,0,7,"Top",,,,,545358,,,2.5151770136076315,-112.20200750655674,0.40700898493983906,8.946651990788276,24.134248286360506,-40.809979914216754,"3.92","1.86",,,,"77.4",2516,"6.9",663437,657053,545358,645801,664058,650859,623205,642423,545361,621493,"53.59",,,,,,,,52,1,"Curveball",3,7,7,3,7,3,7,3,"Infield shift","Standard",45,"0","0.033"
"FS","2022-08-30","87","-1.64","5.25","Toussaint, Touki",643217,657053,"field_out","hit_into_play",,,,,4,"Andrew Benintendi grounds out, second baseman David Fletcher to first baseman Mike Ford.","R","L","R","LAA","NYY","X",4,"ground_ball",1,1,2022,"-0.76","0.22","-0.44","2.31",,,,2,6,"Top",154.98,155.06,,,545358,,,4.504080934938103,-126.76456788565349,-1.424342663119471,-9.049769592433258,22.84175832790929,-29.76148029355825,"3.28","1.49",16,"86.5",-8,"88.8",1632,"7.1",663437,657053,545358,645801,664058,650859,623205,642423,545361,621493,"53.43",0.129,0.12,"0",1,0,0,2,47,3,"Split-Finger",3,7,7,3,7,3,7,3,"Strategic","Standard",243,"0.003","-0.093"
"FS","2022-08-30","87.1","-1.59","5.19","Toussaint, Touki",643217,657053,,"foul",,,,,14,"Andrew Benintendi grounds out, second baseman David Fletcher to first baseman Mike Ford.","R","L","R","LAA","NYY","S",,,1,0,2022,"-0.91","0.21","0.04","1.25",,,,2,6,"Top",,,,,545358,,,5.866121766333697,-126.86491618114623,-3.8627572824534195,-10.943743119439494,22.10272827576123,-29.39799041443857,"3.28","1.49",,,,"88.8",1493,"7",663437,657053,545358,645801,664058,650859,623205,642423,545361,621493,"53.51",,,,,,,,47,2,"Split-Finger",3,7,7,3,7,3,7,3,"Strategic","Standard",249,"0","-0.021"
"CU","2022-08-30","75.8","-1.49","5.6","Toussaint, Touki",643217,657053,,"ball",,,,,11,"Andrew Benintendi grounds out, second baseman David Fletcher to first baseman Mike Ford.","R","L","R","LAA","NYY","B",,,0,0,2022,"1.18","-0.85","-1.91","2.35",,,,2,6,"Top",,,,,545358,,,-2.9983020261444615,-110.3362660164943,1.8365774682208265,10.206389887151516,20.28885781412928,-39.64483923239295,"3","1.49",,,,"76.2",2436,"6.6",663437,657053,545358,645801,664058,650859,623205,642423,545361,621493,"53.89",,,,,,,,47,1,"Curveball",3,7,7,3,7,3,7,3,"Strategic","Standard",50,"0","0.015"
"SI","2022-08-30","93","-1.69","5.16","Toussaint, Touki",518934,657053,"field_out","hit_into_play",,,,,7,"DJ LeMahieu grounds out sharply, third baseman Luis Rengifo to first baseman Mike Ford.","R","R","R","LAA","NYY","X",5,"ground_ball",1,1,2022,"-1.37","0.27","-0.62","1.68",,,,1,6,"Top",100.46,156.32,,,545358,,,5.825344695668067,-135.2227972627082,-3.7613427697213098,-18.126675787081126,30.739603592597767,-28.168948816307108,"3.37","1.62",4,"105.1",-22,"94",2168,"7",663437,657053,545358,645801,664058,650859,623205,642423,545361,621493,"53.48",0.18,0.17,"0",1,0,0,2,46,3,"Sinker",3,7,7,3,7,3,7,3,"Standard","Standard",218,"0.004","-0.148"
"CU","2022-08-30","76.3","-1.2","5.7","Toussaint, Touki",518934,657053,,"ball",,,,,14,"DJ LeMahieu grounds out sharply, third baseman Luis Rengifo to first baseman Mike Ford.","R","R","R","LAA","NYY","B",,,0,1,2022,"1.06","-0.87","1.03","1.42",,,,1,6,"Top",,,,,545358,,,2.8177349900192534,-110.99601157626903,-0.3003753924691617,8.131079696004633,21.836568301209162,-39.52177642387251,"3.23","1.62",,,,"77.1",2432,"7.1",663437,657053,545358,645801,664058,650859,623205,642423,545361,621493,"53.42",,,,,,,,46,2,"Curveball",3,7,7,3,7,3,7,3,"Standard","Standard",48,"0","0.016"
"SI","2022-08-30","91.7","-1.7","5.21","Toussaint, Touki",518934,657053,,"called_strike",,,,,9,"DJ LeMahieu grounds out sharply, third baseman Luis Rengifo to first baseman Mike Ford.","R","R","R","LAA","NYY","S",,,0,0,2022,"-1.41","0.21","0.34","1.75",,,,1,6,"Top",,,,,545358,,,8.272672848114887,-133.22145158977352,-3.2675061634776,-18.604936172235323,31.702682314848854,-29.177520349559668,"3.25","1.62",,,,"92.1",2196,"6.8",663437,657053,545358,645801,664058,650859,623205,642423,545361,621493,"53.66",,,,,,,,46,1,"Sinker",3,7,7,3,7,3,7,3,"Standard","Standard",228,"0","-0.024"
"CU","2022-08-30","76.3","-1.17","5.68","Toussaint, Touki",543309,657053,"field_out","hit_into_play",,,,,5,"Kyle Higashioka lines out to left fielder Magneuris Sierra.","R","R","R","LAA","NYY","X",7,"line_drive",2,2,2022,"0.99","-0.88","-0.21","2.11",,,,0,6,"Top",54.82,107.39,,,545358,,,0.21806282258541776,-111.04849850482469,1.190020583823284,8.108116843984265,21.34985268929619,-39.89764299910373,"3.35","1.54",287,"83",25,"77.1",2343,"7",663437,657053,545358,645801,664058,650859,623205,642423,545361,621493,"53.48",0.237,0.222,"0",1,0,0,3,45,5,"Curveball",3,7,7,3,7,3,7,3,"Infield shift","Standard",47,"0.007","-0.195"
"SI","2022-08-30","89.6","-1.77","5.19","Toussaint, Touki",543309,657053,,"foul",,,,,11,"Kyle Higashioka lines out to left fielder Magneuris Sierra.","R","R","R","LAA","NYY","S",,,2,1,2022,"-1.14","0.45","-1.22","3.45",,,,0,6,"Top",,,,,545358,,,3.805795509221544,-130.4740447350186,0.7974491460264966,-13.773803301412057,28.462226501721137,-27.49498420151672,"3.35","1.54",177,"85.3",66,"90.5",2152,"6.9",663437,657053,545358,645801,664058,650859,623205,642423,545361,621493,"53.61",,,,,,,,45,4,"Sinker",3,7,7,3,7,3,7,3,"Infield shift","Standard",217,"0","-0.066"
"CU","2022-08-30","74.5","-1.38","5.72","Toussaint, Touki",543309,657053,,"ball",,,,,11,"Kyle Higashioka lines out to left fielder Magneuris Sierra.","R","R","R","LAA","NYY","B",,,1,1,2022,"1.01","-0.98","-1.4","3.41",,,,0,6,"Top",,,,,545358,,,-1.8352241591808989,-108.25048503360493,4.351841895712901,8.225232247176365,20.678061312229506,-40.92689350994916,"3.28","1.54",,,,"74.9",2259,"6.9",663437,657053,545358,645801,664058,650859,623205,642423,545361,621493,"53.61",,,,,,,,45,3,"Curveball",3,7,7,3,7,3,7,3,"Infield shift","Standard",52,"0","0.049"
"CU","2022-08-30","75.3","-1.3","5.7","Toussaint, Touki",543309,657053,,"swinging_strike",,,,,14,"Kyle Higashioka lines out to left fielder Magneuris Sierra.","R","R","R","LAA","NYY","S",,,1,0,2022,"1.19","-1","0.94","0.84",,,,0,6,"Top",,,,,545358,,,2.5631113420043654,-109.46698951198677,-0.9914860676949047,8.87737640524074,23.561118023424402,-40.11076840104782,"3.35","1.54",,,,"75.4",2445,"6.9",663437,657053,545358,645801,664058,650859,623205,642423,545361,621493,"53.58",,,,,,,,45,2,"Curveball",3,7,7,3,7,3,7,3,"Infield shift","Standard",46,"0","-0.043"
"SI","2022-08-30","91.4","-1.79","5.22","Toussaint, Touki",543309,657053,,"ball",,,,,14,"Kyle Higashioka lines out to left fielder Magneuris Sierra.","R","R","R","LAA","NYY","B",,,0,0,2022,"-1.4","0.27","1.65","1.87",,,,0,6,"Top",,,,,545358,,,11.769412201933857,-132.5298356520697,-3.0905055729171367,-19.074943693956698,30.01340139089184,-28.523298680235758,"3.35","1.54",,,,"91.7",2237,"6.8",663437,657053,545358,645801,664058,650859,623205,642423,545361,621493,"53.67",,,,,,,,45,1,"Sinker",3,7,7,3,7,3,7,3,"Infield shift","Standard",233,"0","0.033"
"SI","2022-08-30","92.4","-1.67","5.18","Toussaint, Touki",643396,657053,"field_out","hit_into_play",,,,,11,"Isiah Kiner-Falefa grounds out, third baseman Luis Rengifo to first baseman Mike Ford.","R","R","R","LAA","NYY","X",5,"ground_ball",3,2,2022,"-1.13","0.49","-1.08","2.33",,,,2,5,"Top",99.86,165.96,,,545358,,,4.0172026750060015,-134.51485685484965,-2.527075341560554,-14.530126943150776,30.475282639845,-25.842753324187147,"3.1","1.38",9,"69",-14,"93.5",2144,"7",663437,657053,545358,645801,664058,650859,623205,642423,545361,621493,"53.49",0.051,0.046,"0",1,0,0,2,40,6,"Sinker",2,7,7,2,7,2,7,2,"Standard","Standard",221,"0.002","-0.116"
"SI","2022-08-30","93","-1.59","5.2","Toussaint, Touki",643396,657053,,"called_strike",,,,,5,"Isiah Kiner-Falefa grounds out, third baseman Luis Rengifo to first baseman Mike Ford.","R","R","R","LAA","NYY","S",,,3,1,2022,"-1.19","0.55","0.14","1.85",,,,2,5,"Top",,,,,545358,,,7.158123063570121,-135.22643646232086,-4.031829239887374,-16.165173381811396,31.08505374708398,-24.7281558907459,"2.89","1.38",,,,"94.2",2228,"7.2",663437,657053,545358,645801,664058,650859,623205,642423,545361,621493,"53.34",,,,,,,,40,5,"Sinker",2,7,7,2,7,2,7,2,"Standard","Standard",218,"0","-0.036"
"SI","2022-08-30","92.1","-1.7","5.19","Toussaint, Touki",643396,657053,,"ball",,,,,13,"Isiah Kiner-Falefa grounds out, third baseman Luis Rengifo to first baseman Mike Ford.","R","R","R","LAA","NYY","B",,,2,1,2022,"-1.13","0.21","-1.42","0.98",,,,2,5,"Top",,,,,545358,,,3.2361508144783158,-134.03332869540134,-5.337475969560283,-14.334376092413908,30.44523604014753,-28.714764928941243,"2.96","1.38",,,,"93.4",2172,"7.2",663437,657053,545358,645801,664058,650859,623205,642423,545361,621493,"53.34",,,,,,,,40,4,"Sinker",2,7,7,2,7,2,7,2,"Standard","Standard",209,"0","0.039"
"SI","2022-08-30","92.3","-1.71","5.3","Toussaint, Touki",643396,657053,,"ball",,,,,11,"Isiah Kiner-Falefa grounds out, third baseman Luis Rengifo to first baseman Mike Ford.","R","R","R","LAA","NYY","B",,,1,1,2022,"-0.98","0.49","-1.37","3.59",,,,2,5,"Top",,,,,545358,,,3.0386538844819064,-134.3458617172287,0.4663965405270972,-12.543553425161365,32.120239912521704,-26.63786436183444,"2.94","1.38",,,,"93",2112,"6.9",663437,657053,545358,645801,664058,650859,623205,642423,545361,621493,"53.59",,,,,,,,40,3,"Sinker",2,7,7,2,7,2,7,2,"Standard","Standard",209,"0","0.021"
"CU","2022-08-30","75","-1.25","5.72","Toussaint, Touki",643396,657053,,"called_strike",,,,,2,"Isiah Kiner-Falefa grounds out, third baseman Luis Rengifo to first baseman Mike Ford.","R","R","R","LAA","NYY","S",,,1,0,2022,"1.11","-0.92","-0.12","3.07",,,,2,5,"Top",,,,,545358,,,0.36476177292829876,-109.0618834254927,3.4871142258520598,8.736177882892735,21.62853025424907,-40.39065681091216,"3.08","1.36",,,,"75.5",2412,"7",663437,657053,545358,645801,664058,650859,623205,642423,545361,621493,"53.51",,,,,,,,40,2,"Curveball",2,7,7,2,7,2,7,2,"Standard","Standard",50,"0","-0.021"
"SI","2022-08-30","92.1","-1.57","5.2","Toussaint, Touki",643396,657053,,"ball",,,,,13,"Isiah Kiner-Falefa grounds out, third baseman Luis Rengifo to first baseman Mike Ford.","R","R","R","LAA","NYY","B",,,0,0,2022,"-1.31","0.34","-0.03","1.16",,,,2,5,"Top",,,,,545358,,,6.885785002414083,-133.84298362925293,-5.1606482355406325,-17.314650363022373,31.656311250245423,-27.130925362728686,"2.86","1.38",,,,"93",2091,"7.1",663437,657053,545358,645801,664058,650859,623205,642423,545361,621493,"53.39",,,,,,,,40,1,"Sinker",2,7,7,2,7,2,7,2,"Standard","Standard",227,"0","0.015"
"FF","2022-08-30","94.4","-1.65","5.29","Toussaint, Touki",665828,657053,"field_out","hit_into_play",,,,,1,"Oswaldo Cabrera grounds out, shortstop Andrew Velazquez to first baseman Mike Ford.","R","L","R","LAA","NYY","X",6,"ground_ball",1,2,2022,"-0.41","1.03","-0.48","2.81",,,,1,5,"Top",143.47,145.97,,,545358,,,4.039372506110329,-137.61138349977503,-3.188328072959503,-6.095819527395485,27.333369801087777,-18.48247331421855,"3.17","1.49",90,"95.3",5,"96.4",2310,"7.1",663437,657053,545358,645801,664058,650859,623205,642423,545361,621493,"53.39",0.477,0.461,"0",1,0,0,4,39,5,"4-Seam Fastball",2,7,7,2,7,2,7,2,"Infield shift","Standard",220,"0.004","-0.112"
"FS","2022-08-30","88.5","-1.46","5.34","Toussaint, Touki",665828,657053,,"foul",,,,,2,"Oswaldo Cabrera grounds out, shortstop Andrew Velazquez to first baseman Mike Ford.","R","L","R","LAA","NYY","S",,,1,2,2022,"-0.79","0.01","-0.12","3.11",,,,1,5,"Top",,,,,545358,,,5.005873311939346,-128.96435357783156,0.5288549115587953,-9.83611826966093,23.543937143827804,-32.30073043584537,"3.17","1.49",218,"70.4",31,"90.2",1586,"7",663437,657053,545358,645801,664058,650859,623205,642423,545361,621493,"53.51",,,,,,,,39,4,"Split-Finger",2,7,7,2,7,2,7,2,"Infield shift","Standard",234,"0","0"
"CU","2022-08-30","77.5","-1.28","5.55","Toussaint, Touki",665828,657053,,"ball",,,,,14,"Oswaldo Cabrera grounds out, shortstop Andrew Velazquez to first baseman Mike Ford.","R","L","R","LAA","NYY","B",,,0,2,2022,"1.1","-0.85","0.37","0.49",,,,1,5,"Top",,,,,545358,,,1.519954823897422,-112.92683722372898,-2.3260847321129825,9.129143276893359,21.289501487830947,-39.23862040590107,"3.12","1.49",,,,"78.1",2498,"6.7",663437,657053,545358,645801,664058,650859,623205,642423,545361,621493,"53.82",,,,,,,,39,3,"Curveball",2,7,7,2,7,2,7,2,"Infield shift","Standard",44,"0","0.011"
"FS","2022-08-30","88.3","-1.42","5.37","Toussaint, Touki",665828,657053,,"called_strike",,,,,6,"Oswaldo Cabrera grounds out, shortstop Andrew Velazquez to first baseman Mike Ford.","R","L","R","LAA","NYY","S",,,0,1,2022,"-1.14","0.2","0.37","2.22",,,,1,5,"Top",,,,,545358,,,6.81448596818636,-128.48993163968143,-2.072069299442844,-13.952593570480744,23.285113644180036,-29.70699237117063,"3.12","1.49",,,,"89.7",1568,"6.9",663437,657053,545358,645801,664058,650859,623205,642423,545361,621493,"53.61",,,,,,,,39,2,"Split-Finger",2,7,7,2,7,2,7,2,"Infield shift","Standard",244,"0","-0.031"
"CU","2022-08-30","76.2","-1.4","5.63","Toussaint, Touki",665828,657053,,"called_strike",,,,,9,"Oswaldo Cabrera grounds out, shortstop Andrew Velazquez to first baseman Mike Ford.","R","L","R","LAA","NYY","S",,,0,0,2022,"1.01","-0.86","0.42","1.48",,,,1,5,"Top",,,,,545358,,,2.0149560633905477,-111.00093547241265,-0.09348088989730474,7.9403714186486525,20.83365304480557,-39.49592700181007,"3.08","1.49",,,,"76.5",2454,"6.5",663437,657053,545358,645801,664058,650859,623205,642423,545361,621493,"53.96",,,,,,,,39,1,"Curveball",2,7,7,2,7,2,7,2,"Infield shift","Standard",50,"0","-0.024"
"CU","2022-08-30","76.7","-0.96","5.74","Toussaint, Touki",518626,657053,"strikeout","swinging_strike",,,,,14,"Josh Donaldson strikes out swinging.","R","R","R","LAA","NYY","S",2,,0,2,2022,"0.83","-0.97","1.14","1.19",,,,0,5,"Top",,,,,545358,,,2.9808764871610327,-111.69545262993489,-0.8299825318689873,6.332884623188502,21.296795280447277,-40.35847230300491,"3.27","1.57",,,,"77.5",2387,"6.9",663437,657053,545358,645801,664058,650859,623205,642423,545361,621493,"53.55",,,"0",1,0,0,,38,3,"Curveball",2,7,7,2,7,2,7,2,"Standard","Standard",45,"0.004","-0.141"
"SI","2022-08-30","93.2","-1.57","5.25","Toussaint, Touki",518626,657053,,"called_strike",,,,,6,"Josh Donaldson strikes out swinging.","R","R","R","LAA","NYY","S",,,0,1,2022,"-1.21","0.42","0.59","2.32",,,,0,5,"Top",,,,,545358,,,8.296364511146129,-135.525225352082,-2.6843686476139847,-16.74643085867765,29.21786044729941,-26.640737334377448,"3.29","1.57",,,,"94.1",2303,"6.8",663437,657053,545358,645801,664058,650859,623205,642423,545361,621493,"53.69",,,,,,,,38,2,"Sinker",2,7,7,2,7,2,7,2,"Infield shift","Standard",217,"0","-0.046"
"SI","2022-08-30","91","-1.71","5.22","Toussaint, Touki",518626,657053,,"foul",,,,,8,"Josh Donaldson strikes out swinging.","R","R","R","LAA","NYY","S",,,0,0,2022,"-1.35","0.2","-0.2","1.89",,,,0,5,"Top",,,,,545358,,,6.745470296338756,-132.37664377187406,-2.887876304829636,-17.290331537329973,28.633747525440903,-29.388393520363685,"3.27","1.57",298,"90.9",29,"91.8",2180,"6.8",663437,657053,545358,645801,664058,650859,623205,642423,545361,621493,"53.68",,,,,,,,38,1,"Sinker",2,7,7,2,7,2,7,2,"Infield shift","Standard",229,"0","-0.034"
"CU","2022-08-25","76.3","-1.15","5.72","Toussaint, Touki",622534,657053,"field_out","hit_into_play",,,,,7,"Manuel Margot grounds out, shortstop Andrew Velazquez to first baseman Mike Ford.","R","R","R","TB","LAA","X",6,"ground_ball",0,1,2022,"1.44","-1.24","-0.32","2.04",,642350,650490,2,8,"Bot",119.57,150.19,,,642136,,,-0.8686884515253503,-110.96433275674747,1.717695698964763,11.90055115082059,23.707878217234992,-42.903382853482775,"3.35","1.64",6,"57.4",-20,"76.5",2576,"6.9",661856,657053,642136,645801,664058,670351,623205,666176,642423,621493,"53.59",0.071,0.07,"0",1,0,0,1,72,2,"Curveball",8,3,8,3,3,8,8,3,"Standard","Standard",45,"-0.001","-0.384"
"CU","2022-08-25","76.1","-1.23","5.74","Toussaint, Touki",622534,657053,,"called_strike",,,,,8,"Manuel Margot grounds out, shortstop Andrew Velazquez to first baseman Mike Ford.","R","R","R","TB","LAA","S",,,0,0,2022,"1.41","-1.31","0.17","1.8",,642350,650490,2,8,"Bot",,,,,642136,,,0.399867891044499,-110.691542589341,1.384067157506184,11.293404103060983,24.52385465843377,-43.28944866458945,"3.17","1.35",,,,"76.6",2641,"7.3",661856,657053,642136,645801,664058,670351,623205,666176,642423,621493,"53.24",,,,,,,,72,1,"Curveball",8,3,8,3,3,8,8,3,"Standard","Standard",46,"0","-0.061"
"SI","2022-08-25","93.2","-1.72","5.16","Toussaint, Touki",650490,657053,"walk","ball",,,,,14,"Yandy Diaz walks.   Jose Siri to 2nd.","R","R","R","TB","LAA","B",,,3,2,2022,"-1.43","0.83","1.05","2.23",,,642350,2,8,"Bot",,,,,642136,,,10.411636425858296,-135.19773644563122,-3.5939080093116234,-19.84132263797632,31.09187650149079,-21.353280980079862,"3.42","1.63",,,,"94.3",2331,"7.2",661856,657053,642136,645801,664058,670351,623205,666176,642423,621493,"53.28",,,"0.7",1,0,0,,71,9,"Sinker",8,3,8,3,3,8,8,3,"Standard","Standard",220,"0.001","0.19"
"CU","2022-08-25","75.5","-1.12","5.69","Toussaint, Touki",650490,657053,,"ball",,,,,13,"Yandy Diaz walks.   Jose Siri to 2nd.","R","R","R","TB","LAA","B",,,2,2,2022,"1.43","-1.12","-1.18","1.97",,,642350,2,8,"Bot",,,,,642136,,,-2.716997297148692,-109.7480335753527,1.5989065293232185,11.990734974430746,23.67524168110009,-41.71048432022375,"3.22","1.5",,,,"75.7",2524,"7",661856,657053,642136,645801,664058,670351,623205,666176,642423,621493,"53.48",,,,,,,,71,8,"Curveball",8,3,8,3,3,8,8,3,"Standard","Standard",45,"0","0.069"
"CU","2022-08-25","76.7","-1.09","5.71","Toussaint, Touki",650490,657053,,"blocked_ball",,,,,14,"Yandy Diaz walks.   Jose Siri to 2nd.","R","R","R","TB","LAA","B",,,1,2,2022,"1.29","-1.28","1.68","0.63",,,642350,2,8,"Bot",,,,,642136,,,3.5716239531322533,-111.52479989930863,-1.2318310085191275,9.738214191517335,25.20701189879417,-42.65091345583195,"3.34","1.61",,,,"77.3",2531,"7.3",661856,657053,642136,645801,664058,670351,623205,666176,642423,621493,"53.15",,,,,,,,71,7,"Curveball",8,3,8,3,3,8,8,3,"Standard","Standard",39,"0","0.029"
"FF","2022-08-25","92.1","-1.77","5.21","Toussaint, Touki",650490,657053,,"foul",,,,,11,"Yandy Diaz walks.   Jose Siri to 2nd.","R","R","R","TB","LAA","S",,,1,2,2022,"-0.69","0.96","-1.34","3.64",,,642350,2,8,"Bot",,,,,642136,,,2.6532421878550263,-134.1177588387815,-0.23393449752265166,-8.900182702722375,30.102259477969668,-20.75126248147809,"3.47","1.65",11,"76.2",-16,"93.8",2339,"7.3",661856,657053,642136,645801,664058,670351,623205,666176,642423,621493,"53.18",,,,,,,,71,6,"4-Seam Fastball",8,3,8,3,3,8,8,3,"Standard","Standard",213,"0","0"
"CU","2022-08-25","75.5","-1.17","5.72","Toussaint, Touki",650490,657053,,"foul",,,,,14,"Yandy Diaz walks.   Jose Siri to 2nd.","R","R","R","TB","LAA","S",,,1,2,2022,"1.26","-1.41","0.19","1.29",,,642350,2,8,"Bot",,,,,642136,,,0.5943963620284319,-109.84656054705503,0.6235793455133489,9.877078148841276,24.24914833301582,-43.794711026847075,"3.47","1.65",3,"80.3",-30,"75.9",2509,"7.1",661856,657053,642136,645801,664058,670351,623205,666176,642423,621493,"53.35",,,,,,,,71,5,"Curveball",8,3,8,3,3,8,8,3,"Standard","Standard",41,"0","0"
"CU","2022-08-25","75.3","-1.13","5.75","Toussaint, Touki",650490,657053,,"foul",,,,,7,"Yandy Diaz walks.   Jose Siri to 2nd.","R","R","R","TB","LAA","S",,,1,2,2022,"1.3","-1.34","-0.28","1.74",,,642350,2,8,"Bot",,,,,642136,,,-0.5581250318841546,-109.58463479033013,1.3543799589494898,10.482658187973257,22.80138537741263,-43.374351289622886,"3.47","1.65",18,"85.4",-6,"75.8",2506,"7.1",661856,657053,642136,645801,664058,670351,623205,666176,642423,621493,"53.42",,,,,,,,71,4,"Curveball",8,3,8,3,3,8,8,3,"Standard","Standard",44,"0","0"
"CU","2022-08-25","74.9","-1.22","5.7","Toussaint, Touki",650490,657053,,"swinging_strike",,,,,14,"Yandy Diaz walks.   Jose Siri to 2nd.","R","R","R","TB","LAA","S",,,1,1,2022,"1.4","-1.12","0.23","1.28",,,642350,2,8,"Bot",,,,,642136,,,0.5069089868377125,-109.03010568520368,0.1577330498327849,10.933859048900262,22.242119333452514,-41.26117536910129,"3.47","1.65",,,,"75.6",2513,"7.1",661856,657053,642136,645801,664058,670351,623205,666176,642423,621493,"53.38",,,,,,,,71,3,"Curveball",8,3,8,3,3,8,8,3,"Standard","Standard",44,"0","-0.051"
"SI","2022-08-25","91.1","-1.69","5.24","Toussaint, Touki",650490,657053,,"ball",,,,,13,"Yandy Diaz walks.   Jose Siri to 2nd.","R","R","R","TB","LAA","B",,,0,1,2022,"-1.31","0.41","-0.48","1.46",,,642350,2,8,"Bot",,,,,642136,,,5.953193659997039,-132.42323315707452,-4.497960317671059,-16.736819956007775,29.850833301835078,-26.571434225531874,"3.47","1.67",,,,"92.4",2246,"7.3",661856,657053,642136,645801,664058,670351,623205,666176,642423,621493,"53.23",,,,,,,,71,2,"Sinker",8,3,8,3,3,8,8,3,"Standard","Standard",221,"0","0.026"
"SI","2022-08-25","90.9","-1.75","5.31","Toussaint, Touki",650490,657053,,"called_strike",,,,,8,"Yandy Diaz walks.   Jose Siri to 2nd.","R","R","R","TB","LAA","S",,,0,0,2022,"-1.23","0.69","-0.08","2.22",,,642350,2,8,"Bot",,,,,642136,,,6.903382881608237,-132.2718912235542,-3.349403225459713,-15.947747281714507,28.134271698798884,-23.512218482184515,"3.47","1.67",,,,"91.9",2264,"6.9",661856,657053,642136,645801,664058,670351,623205,666176,642423,621493,"53.63",,,,,,,,71,1,"Sinker",8,3,8,3,3,8,8,3,"Standard","Standard",220,"0","-0.035"
"FF","2022-08-25","92.3","-1.81","5.25","Toussaint, Touki",642350,657053,"hit_by_pitch","hit_by_pitch",,,,,11,"Jose Siri hit by pitch.","R","R","R","TB","LAA","B",,,0,0,2022,"-0.86","1.03","-1.59","3.69",,,,2,8,"Bot",,,,,642136,,,2.4524422506169583,-134.33140610594302,-0.3381360205388445,-10.927014830189513,32.28419936855121,-19.918394876929018,"3.4","1.66",,,,"92.9",2285,"6.9",661856,657053,642136,645801,664058,670351,623205,666176,642423,621493,"53.62",,,"0.7",1,0,0,,70,1,"4-Seam Fastball",8,3,8,3,3,8,8,3,"Standard","Standard",214,"0","0.119"
"SI","2022-08-25","92","-1.67","5.15","Toussaint, Touki",644374,657053,"grounded_into_double_play","hit_into_play",,,,,7,"Yu Chang grounds into a double play, third baseman Jose Rojas to second baseman David Fletcher to first baseman Mike Ford.   David Peralta out at 2nd.    Yu Chang out at 1st.","R","R","R","TB","LAA","X",5,"ground_ball",1,0,2022,"-1.37","0.56","-0.6","1.9",,,444482,0,8,"Bot",95.65,162.21,,,642136,,,5.790522013077043,-133.80040111118694,-3.5883923483304914,-17.749001024276172,31.882956249281285,-24.84852374280623,"3.46","1.64",15,"93.8",-7,"93.1",2261,"7.2",661856,657053,642136,645801,664058,670351,623205,666176,642423,621493,"53.32",0.217,0.198,"0",1,0,0,2,69,2,"Sinker",8,3,8,3,3,8,8,3,"Standard","Standard",218,"-0.001","-0.569"
"SI","2022-08-25","90.1","-1.6","5.22","Toussaint, Touki",644374,657053,,"ball",,,,,11,"Yu Chang grounds into a double play, third baseman Jose Rojas to second baseman David Fletcher to first baseman Mike Ford.   David Peralta out at 2nd.    Yu Chang out at 1st.","R","R","R","TB","LAA","B",,,0,0,2022,"-0.84","0.76","-0.95","3.67",,,444482,0,8,"Bot",,,,,642136,,,3.448552534979728,-131.1263404843668,0.5599700991329482,-10.402039138335795,29.649709003131193,-23.773722798683252,"3.46","1.68",,,,"91.2",2245,"7.1",661856,657053,642136,645801,664058,670351,623205,666176,642423,621493,"53.37",,,,,,,,69,1,"Sinker",8,3,8,3,3,8,8,3,"Standard","Standard",210,"0","0.059"
"SI","2022-08-25","91.3","-1.77","5.25","Toussaint, Touki",444482,657053,"walk","ball",,,,,1,"David Peralta walks.","R","L","R","TB","LAA","B",,,3,1,2022,"-1.23","0.67","-0.36","3.33",,,,0,8,"Bot",,,,,642136,,,6.315697233694902,-132.80296228452076,-0.3449024070784014,-15.91632006121271,30.370875522717107,-24.434029081284464,"3.51","1.67",,,,"92.6",2202,"7.3",661856,657053,642136,645801,664058,670351,623205,666176,642423,621493,"53.23",,,"0.7",1,0,0,,68,5,"Sinker",8,3,8,3,3,8,8,3,"Standard","Standard",220,"0","0.245"
"SI","2022-08-25","92.4","-1.65","5.22","Toussaint, Touki",444482,657053,,"ball",,,,,14,"David Peralta walks.","R","L","R","TB","LAA","B",,,2,1,2022,"-1.19","0.44","1.14","2.13",,,,0,8,"Bot",,,,,642136,,,9.853502398304707,-134.0709133525203,-2.9377767588606583,-16.59036042153741,32.831033399850185,-26.453509052192416,"3.52","1.64",,,,"93.2",2234,"7.2",661856,657053,642136,645801,664058,670351,623205,666176,642423,621493,"53.31",,,,,,,,68,4,"Sinker",8,3,8,3,3,8,8,3,"Standard","Standard",224,"0","0.114"
"CU","2022-08-25","74.4","-1.4","5.72","Toussaint, Touki",444482,657053,,"ball",,,,,13,"David Peralta walks.","R","L","R","TB","LAA","B",,,1,1,2022,"1.23","-1.1","-1.16","2.11",,,,0,8,"Bot",,,,,642136,,,-1.7246081694723112,-108.17585918890859,2.026082130273493,9.823491875871914,24.039069103541603,-41.354269158458244,"3.42","1.54",,,,"74.9",2396,"7.4",661856,657053,642136,645801,664058,670351,623205,666176,642423,621493,"53.14",,,,,,,,68,3,"Curveball",8,3,8,3,3,8,8,3,"Standard","Standard",47,"0","0.049"
"CU","2022-08-25","75.8","-1.56","5.63","Toussaint, Touki",444482,657053,,"ball",,,,,11,"David Peralta walks.","R","L","R","TB","LAA","B",,,0,1,2022,"1.28","-0.85","-1.4","2.52",,,,0,8,"Bot",,,,,642136,,,-1.982529995074538,-110.2317777919926,2.282472521580008,10.742337198459174,23.52851327666906,-39.71736422904213,"3.49","1.54",,,,"75.4",2457,"6.5",661856,657053,642136,645801,664058,670351,623205,666176,642423,621493,"53.98",,,,,,,,68,2,"Curveball",8,3,8,3,3,8,8,3,"Standard","Standard",54,"0","0.025"
"SI","2022-08-25","92.9","-1.71","5.21","Toussaint, Touki",444482,657053,,"called_strike",,,,,4,"David Peralta walks.","R","L","R","TB","LAA","S",,,0,0,2022,"-1.57","0.47","-0.33","2.33",,,,0,8,"Bot",,,,,642136,,,7.076668533031828,-135.0493156543306,-2.5705122034235086,-20.757008638369317,32.77486573197851,-26.076903454768832,"3.52","1.64",,,,"93.7",2347,"7.1",661856,657053,642136,645801,664058,670351,623205,666176,642423,621493,"53.44",,,,,,,,68,1,"Sinker",8,3,8,3,3,8,8,3,"Standard","Standard",225,"0","-0.034"
"SI","2022-08-25","92.4","-1.68","5.27","Toussaint, Touki",542194,657053,"strikeout","swinging_strike",,,,,11,"Christian Bethancourt strikes out swinging.","R","R","R","TB","LAA","S",2,,1,2,2022,"-1.21","0.64","-1.34","3.94",,,623912,2,7,"Bot",,,,,435559,,,3.5675671203422663,-134.64215264408406,1.0570461274289458,-15.519979077345258,28.539161379748386,-24.864212184664467,"3.54","1.74",,,,"94",2387,"7.1",661856,657053,435559,645801,664058,670351,623205,666176,642423,621493,"53.39",,,"0",1,0,0,,60,4,"Sinker",8,1,8,1,1,8,8,1,"Standard","Standard",210,"0","-0.158"
"SI","2022-08-25","91","-1.71","5.26","Toussaint, Touki",542194,657053,,"foul",,,,,4,"Christian Bethancourt strikes out swinging.","R","R","R","TB","LAA","S",,,1,1,2022,"-1.39","0.54","-0.6","2.38",,,623912,2,7,"Bot",,,,,435559,,,5.864389061202766,-132.32755321280064,-2.484761564235689,-17.641985914671388,29.08768591061377,-25.45073242546449,"3.54","1.74",139,"67",65,"92.1",2192,"7.1",661856,657053,435559,645801,664058,670351,623205,666176,642423,621493,"53.44",,,,,,,,60,3,"Sinker",8,1,8,1,1,8,8,1,"Standard","Standard",214,"0","-0.051"
"SI","2022-08-25","91.7","-1.59","5.25","Toussaint, Touki",542194,657053,,"called_strike",,,,,9,"Christian Bethancourt strikes out swinging.","R","R","R","TB","LAA","S",,,1,0,2022,"-1.36","0.57","0.6","2.35",,,623912,2,7,"Bot",,,,,435559,,,8.631795576774364,-133.227540476108,-2.727048481068444,-18.064489751773667,29.029725028317134,-25.022513745993553,"3.66","1.83",,,,"93.1",2298,"7.2",661856,657053,435559,645801,664058,670351,623205,666176,642423,621493,"53.28",,,,,,,,60,2,"Sinker",8,1,8,1,1,8,8,1,"Standard","Standard",216,"0","-0.041"
"SI","2022-08-25","91.2","-1.78","5.29","Toussaint, Touki",542194,657053,,"ball",,,,,11,"Christian Bethancourt strikes out swinging.","R","R","R","TB","LAA","B",,,0,0,2022,"-1.25","0.44","-1.61","2.8",,,623912,2,7,"Bot",,,,,435559,,,3.156360857867956,-132.78151239289866,-1.313959679728967,-15.473500238972209,28.770336453738057,-26.84645242412024,"3.73","1.86",,,,"92.3",2283,"6.9",661856,657053,435559,645801,664058,670351,623205,666176,642423,621493,"53.57",,,,,,,,60,1,"Sinker",8,1,8,1,1,8,8,1,"Standard","Standard",213,"0","0.032"
"SI","2022-08-25","93","-1.57","5.32","Toussaint, Touki",670623,657053,"strikeout","swinging_strike",,,,,13,"Isaac Paredes strikes out swinging.","R","R","R","TB","LAA","S",2,,3,2,2022,"-1.66","0.74","-1.95","2.13",,,623912,1,7,"Bot",,,,,435559,,,2.7155774347030732,-135.40100920889122,-4.060899414799239,-20.934237104729533,31.540459616959144,-22.361757528463194,"3.23","1.53",,,,"93.9",2327,"6.9",661856,657053,435559,645801,664058,670351,623205,666176,642423,621493,"53.56",,,"0",1,0,0,,59,6,"Sinker",8,1,8,1,1,8,8,1,"Standard","Standard",221,"0","-0.355"
"CU","2022-08-25","77","-1.31","5.66","Toussaint, Touki",670623,657053,,"ball",,,,,14,"Isaac Paredes strikes out swinging.","R","R","R","TB","LAA","B",,,2,2,2022,"1.17","-1.18","1.2","0.98",,,623912,1,7,"Bot",,,,,435559,,,3.2723979911782766,-111.93293584593036,-0.6294505074005478,8.925110916710926,24.64763035107879,-42.01385026679755,"3.24","1.58",,,,"77.7",2532,"7.3",661856,657053,435559,645801,664058,670351,623205,666176,642423,621493,"53.17",,,,,,,,59,5,"Curveball",8,1,8,1,1,8,8,1,"Standard","Standard",41,"0","0.089"
"SI","2022-08-25","92.7","-1.65","5.32","Toussaint, Touki",670623,657053,,"foul",,,,,7,"Isaac Paredes strikes out swinging.","R","R","R","TB","LAA","S",,,2,1,2022,"-1.41","0.54","-0.31","1.97",,,623912,1,7,"Bot",,,,,435559,,,6.626772248888205,-134.8244019262478,-3.996390753245891,-18.695427174992744,29.136779428923514,-24.896618531675333,"3.23","1.53",,,,"94.1",2204,"7.1",661856,657053,435559,645801,664058,670351,623205,666176,642423,621493,"53.37",,,,,,,,59,4,"Sinker",8,1,8,1,1,8,8,1,"Standard","Standard",221,"0","-0.086"
"SI","2022-08-25","93","-1.7","5.23","Toussaint, Touki",670623,657053,,"ball",,,,,14,"Isaac Paredes strikes out swinging.","R","R","R","TB","LAA","B",,,1,1,2022,"-1.28","0.73","0.27","1.06",,,623912,1,7,"Bot",,,,,435559,,,7.9292906937486825,-135.0725771818473,-6.5759474187619125,-17.375097106524528,29.19612660457824,-21.945783744888402,"3.3","1.6",,,,"94.1",2317,"7",661856,657053,435559,645801,664058,670351,623205,666176,642423,621493,"53.5",,,,,,,,59,3,"Sinker",8,1,8,1,1,8,8,1,"Standard","Standard",220,"0","0.073"
"SI","2022-08-25","93.1","-1.63","5.34","Toussaint, Touki",670623,657053,,"foul",,,,,4,"Isaac Paredes strikes out swinging.","R","R","R","TB","LAA","S",,,1,0,2022,"-1.29","1.12","-0.8","2.36",,,623912,1,7,"Bot",,,,,435559,,,5.06285746081996,-135.37028494716927,-4.290708493630884,-16.981877758617916,33.550799040969665,-17.74213135207339,"3.23","1.53",248,"89.3",59,"93.9",2284,"7.1",661856,657053,435559,645801,664058,670351,623205,666176,642423,621493,"53.38",,,,,,,,59,2,"Sinker",8,1,8,1,1,8,8,1,"Standard","Standard",220,"0","-0.058"
"SI","2022-08-25","91.8","-1.7","5.28","Toussaint, Touki",670623,657053,,"ball",,,,,13,"Isaac Paredes strikes out swinging.","R","R","R","TB","LAA","B",,,0,0,2022,"-1.48","0.84","-1.05","1.57",,,623912,1,7,"Bot",,,,,435559,,,4.923054680517555,-133.4598125426691,-5.356538404862789,-18.70849222360828,32.39597868163444,-21.156940874987903,"3.24","1.58",,,,"92.5",2156,"7.1",661856,657053,435559,645801,664058,670351,623205,666176,642423,621493,"53.44",,,,,,,,59,1,"Sinker",8,1,8,1,1,8,8,1,"Standard","Standard",228,"0","0.042"
"SI","2022-08-25","94.4","-1.82","5.21","Toussaint, Touki",623912,657053,"single","hit_into_play",,,,,4,"Harold Ramirez singles on a line drive to center fielder Magneuris Sierra.   Manuel Margot scores.    Randy Arozarena scores.","R","R","R","TB","LAA","X",8,"line_drive",2,2,2022,"-1.33","0.7","-0.47","2.22",622534,668227,,1,7,"Bot",116.76,78.53,,,435559,,,6.6076314404914855,-137.18409199903115,-3.652038646744143,-18.309857512218596,33.51667740681947,-22.677372573802707,"3.22","1.47",189,"91",11,"95.6",2259,"7.3",661856,657053,435559,645801,664058,670351,623205,666176,642423,621493,"53.21",0.74,0.709,"0.9",1,1,0,4,58,5,"Sinker",6,1,6,1,1,8,8,1,"Strategic","Standard",220,"0.005","1.199"
"SI","2022-08-25","94.5","-1.88","5.23","Toussaint, Touki",623912,657053,,"swinging_strike",,,,,1,"Harold Ramirez singles on a line drive to center fielder Magneuris Sierra.   Manuel Margot scores.    Randy Arozarena scores.","R","R","R","TB","LAA","S",,,2,1,2022,"-1.19","1.04","-0.3","2.92",622534,668227,,1,7,"Bot",,,,,435559,,,6.880429270301566,-137.44855103465494,-2.627970953992632,-16.661065149636084,33.34592641695619,-18.612275197258977,"3.22","1.47",,,,"95.5",2347,"7.1",661856,657053,435559,645801,664058,670351,623205,666176,642423,621493,"53.39",,,,,,,,58,4,"Sinker",6,1,6,1,1,6,6,1,"Strategic","Standard",222,"0","-0.251"
"SI","2022-08-25","94.3","-1.78","5.2","Toussaint, Touki",623912,657053,,"foul",,,,,4,"Harold Ramirez singles on a line drive to center fielder Magneuris Sierra.   Manuel Margot scores.    Randy Arozarena scores.","R","R","R","TB","LAA","S",,,2,0,2022,"-1.32","0.46","-0.6","2.29",622534,668227,,1,7,"Bot",,,,,435559,,,6.086580466783475,-137.21764609398866,-2.889594986581428,-17.978080053747703,32.495557306496295,-25.901845929505363,"3.22","1.47",2,"39.2",-54,"95.2",2289,"7",661856,657053,435559,645801,664058,670351,623205,666176,642423,621493,"53.53",,,,,,,,58,3,"Sinker",6,1,6,1,1,6,6,1,"Strategic","Standard",223,"0","-0.046"
"CU","2022-08-25","78","-1.24","5.65","Toussaint, Touki",623912,657053,,"ball",,,,,14,"Harold Ramirez singles on a line drive to center fielder Magneuris Sierra.   Manuel Margot scores.    Randy Arozarena scores.","R","R","R","TB","LAA","B",,,1,0,2022,"1.21","-1.17","2.82","0",650490,622534,668227,1,7,"Bot",,,,,435559,,,6.579284014606342,-113.27489492907107,-2.933708956316659,8.768977373325182,25.687719141543617,-41.61362758211624,"3.22","1.51",,,,"78.4",2579,"7.3",661856,657053,435559,645801,664058,670351,623205,666176,642423,621493,"53.23",,,,,,,,58,2,"Curveball",5,1,5,1,1,6,6,1,"Standard","Standard",42,"0.008","0.085"
"SI","2022-08-25","93.4","-1.8","5.29","Toussaint, Touki",623912,657053,,"ball",,,,,13,"Harold Ramirez singles on a line drive to center fielder Magneuris Sierra.   Manuel Margot scores.    Randy Arozarena scores.","R","R","R","TB","LAA","B",,,0,0,2022,"-1.42","0.7","-1.7","1.92",650490,622534,668227,1,7,"Bot",,,,,435559,,,3.437305950808321,-135.9794018635456,-4.471613773667185,-18.33184488432468,31.417144080354145,-22.76072491648164,"3.22","1.37",,,,"94.6",2261,"7.1",661856,657053,435559,645801,664058,670351,623205,666176,642423,621493,"53.41",,,,,,,,58,1,"Sinker",5,1,5,1,1,5,5,1,"Strategic","Standard",225,"0","0.063"
"SI","2022-08-25","94.5","-1.81","5.34","Toussaint, Touki",668227,657053,"hit_by_pitch","hit_by_pitch",,,,,11,"Randy Arozarena hit by pitch.","R","R","R","TB","LAA","B",,,0,0,2022,"-1.39","0.83","-2.35","3.36",650490,622534,,1,7,"Bot",,,,,435559,,,1.7430034749994006,-137.5761493235224,-1.2897838989916264,-17.971745452144255,34.66458564708437,-21.64537587624224,"3.31","1.64",,,,"95.6",2426,"7.2",661856,657053,435559,645801,664058,670351,623205,666176,642423,621493,"53.29",,,"0.7",1,0,0,,57,1,"Sinker",5,1,5,1,1,5,5,1,"Strategic","Standard",208,"0.001","0.22"
"CU","2022-08-25","74.9","-1.25","5.77","Toussaint, Touki",622534,657053,"double","hit_into_play",,,,,9,"Manuel Margot doubles (13) on a line drive to left fielder Jo Adell.   Yandy Diaz to 3rd.","R","R","R","TB","LAA","X",7,"line_drive",0,1,2022,"1.04","-0.97","0.41","2.12",,,650490,1,7,"Bot",38.31,104.42,,,435559,,,1.588104561764678,-108.9624064165252,1.5367323902313204,7.859770688733275,22.73816692432258,-40.40583451641406,"3.35","1.64",207,"80.7",17,"75.1",2478,"6.9",661856,657053,435559,645801,664058,670351,623205,666176,642423,621493,"53.64",0.937,0.901,"1.25",1,1,1,4,56,2,"Curveball",5,1,5,1,1,5,5,1,"Standard","Standard",49,"0.009","0.953"
"SI","2022-08-25","91.6","-1.64","5.4","Toussaint, Touki",622534,657053,,"foul",,,,,1,"Manuel Margot doubles (13) on a line drive to left fielder Jo Adell.   Yandy Diaz to 3rd.","R","R","R","TB","LAA","S",,,0,0,2022,"-1.4","0.66","-0.7","2.89",,,650490,1,7,"Bot",,,,,435559,,,5.487573249105944,-133.17834434593757,-1.8355904613351122,-17.850912403849495,31.955473509134194,-24.213022747303402,"3.35","1.64",14,"74.5",12,"92.5",2182,"7.1",661856,657053,435559,645801,664058,670351,623205,666176,642423,621493,"53.37",,,,,,,,56,1,"Sinker",5,1,5,1,1,5,5,1,"Standard","Standard",220,"0","-0.048"
"SI","2022-08-25","93.6","-1.75","5.19","Toussaint, Touki",650490,657053,"walk","ball",,,,,14,"Yandy Diaz walks.","R","R","R","TB","LAA","B",,,3,1,2022,"-1.3","0.63","0.91","0.97",,,,1,7,"Bot",,,,,435559,,,9.865559410762174,-135.74044909137146,-6.517451685120174,-18.33268188271689,32.960947344199354,-23.064754796204422,"3.51","1.67",,,,"94.4",2239,"7.2",661856,657053,435559,645801,664058,670351,623205,666176,642423,621493,"53.33",,,"0.7",1,0,0,,55,5,"Sinker",5,1,5,1,1,5,5,1,"Standard","Standard",227,"0.003","0.163"
"SI","2022-08-25","92.1","-1.79","5.27","Toussaint, Touki",650490,657053,,"ball",,,,,11,"Yandy Diaz walks.","R","R","R","TB","LAA","B",,,2,1,2022,"-1.31","0.62","-1.35","3.49",,,,1,7,"Bot",,,,,435559,,,4.0350964607491635,-133.98789321806981,0.08222365033142098,-16.603054878651076,34.16081595191024,-25.11635272660321,"3.59","1.66",,,,"92.9",2275,"7.2",661856,657053,435559,645801,664058,670351,623205,666176,642423,621493,"53.33",,,,,,,,55,4,"Sinker",5,1,5,1,1,5,5,1,"Standard","Standard",211,"0","0.075"
"SI","2022-08-25","94","-1.87","5.18","Toussaint, Touki",650490,657053,,"called_strike",,,,,5,"Yandy Diaz walks.","R","R","R","TB","LAA","S",,,2,0,2022,"-1.26","0.6","0.27","2.95",,,,1,7,"Bot",,,,,435559,,,8.485207648228082,-136.59571643426415,-1.3400368606534943,-17.708766411551892,32.04589593438482,-24.622036241240416,"3.6","1.7",,,,"95",2221,"7.1",661856,657053,435559,645801,664058,670351,623205,666176,642423,621493,"53.38",,,,,,,,55,3,"Sinker",5,1,5,1,1,5,5,1,"Standard","Standard",220,"0","-0.042"
"SI","2022-08-25","93.5","-1.93","5.16","Toussaint, Touki",650490,657053,,"ball",,,,,13,"Yandy Diaz walks.","R","R","R","TB","LAA","B",,,1,0,2022,"-1.67","0.19","-1.32","0.78",,,,1,7,"Bot",,,,,435559,,,5.349135234795694,-135.90338781369297,-5.9461622567660495,-21.87854967681667,33.7841038126032,-28.600686905090193,"3.59","1.67",,,,"94.3",2275,"7.1",661856,657053,435559,645801,664058,670351,623205,666176,642423,621493,"53.37",,,,,,,,55,2,"Sinker",5,1,5,1,1,5,5,1,"Standard","Standard",223,"0","0.044"
"SI","2022-08-25","93.6","-1.9","5.17","Toussaint, Touki",650490,657053,,"ball",,,,,13,"Yandy Diaz walks.","R","R","R","TB","LAA","B",,,0,0,2022,"-1.45","0.63","-1.22","1.93",,,,1,7,"Bot",,,,,435559,,,5.041159876573945,-136.20955220550056,-4.0736265967070775,-19.155338238925303,29.543322996519265,-23.688523161525065,"3.55","1.64",,,,"95.3",2235,"7.2",661856,657053,435559,645801,664058,670351,623205,666176,642423,621493,"53.28",,,,,,,,55,1,"Sinker",5,1,5,1,1,5,5,1,"Standard","Standard",230,"0","0.023"
"SI","2022-08-25","93.2","-1.7","5.22","Toussaint, Touki",642350,657053,"strikeout","swinging_strike",,,,,4,"Jose Siri strikes out swinging.","R","R","R","TB","LAA","S",2,,2,2,2022,"-0.85","0.77","-0.4","2.85",,,,0,7,"Bot",,,,,435559,,,5.298805508895612,-135.71642493142627,-2.026234187774448,-11.61778373667292,30.3315023587418,-22.42383350300556,"3.4","1.66",,,,"94.5",2320,"7",661856,657053,435559,645801,664058,670351,623205,666176,642423,621493,"53.45",,,"0",1,0,0,,54,5,"Sinker",5,1,5,1,1,5,5,1,"Standard","Standard",213,"-0.003","-0.195"
"CU","2022-08-25","77.8","-1.27","5.71","Toussaint, Touki",642350,657053,,"ball",,,,,14,"Jose Siri strikes out swinging.","R","R","R","TB","LAA","B",,,1,2,2022,"1.24","-1.2","1.74","0.85",,,,0,7,"Bot",,,,,435559,,,4.250301519890949,-113.14728603182276,-1.1208743351121242,9.454819911353544,25.697212492932902,-42.28134452954681,"3.44","1.71",,,,"78.3",2524,"7.3",661856,657053,435559,645801,664058,670351,623205,666176,642423,621493,"53.24",,,,,,,,54,4,"Curveball",5,1,5,1,1,5,5,1,"Standard","Standard",43,"0","0.037"
"SI","2022-08-25","94.4","-1.7","5.27","Toussaint, Touki",642350,657053,,"called_strike",,,,,9,"Jose Siri strikes out swinging.","R","R","R","TB","LAA","S",,,1,1,2022,"-1.22","0.8","0.7","2.15",,,,0,7,"Bot",,,,,435559,,,9.09804064311007,-137.03071952774613,-4.162035911311356,-17.51973573330946,34.03390281774838,-21.316176542132318,"3.58","1.72",,,,"95.2",2293,"7.1",661856,657053,435559,645801,664058,670351,623205,666176,642423,621493,"53.35",,,,,,,,54,3,"Sinker",5,1,5,1,1,5,5,1,"Standard","Standard",223,"0","-0.054"
"SI","2022-08-25","93.2","-1.92","5.18","Toussaint, Touki",642350,657053,,"foul",,,,,7,"Jose Siri strikes out swinging.","R","R","R","TB","LAA","S",,,1,0,2022,"-1.1","0.88","-0.41","1.89",,,,0,7,"Bot",,,,,435559,,,6.377440755904883,-135.44066029741097,-4.596519071144881,-14.911589316473515,31.68592015224162,-20.585497173086054,"3.4","1.66",208,"67.6",37,"94",2353,"7",661856,657053,435559,645801,664058,670351,623205,666176,642423,621493,"53.52",,,,,,,,54,2,"Sinker",5,1,5,1,1,5,5,1,"Standard","Standard",219,"0","-0.043"
"SI","2022-08-25","94.3","-1.96","5.26","Toussaint, Touki",642350,657053,,"ball",,,,,11,"Jose Siri strikes out swinging.","R","R","R","TB","LAA","B",,,0,0,2022,"-1.48","0.69","-1.05","2.84",,,,0,7,"Bot",,,,,435559,,,5.709534549929833,-137.1634866792261,-2.086521610940942,-19.94245888780366,33.17625367867856,-23.237918004742173,"3.4","1.6",,,,"94.9",2341,"6.9",661856,657053,435559,645801,664058,670351,623205,666176,642423,621493,"53.64",,,,,,,,54,1,"Sinker",5,1,5,1,1,5,5,1,"Standard","Standard",227,"0","0.033"
"CU","2022-08-23","76.1","-1.28","5.71","Toussaint, Touki",642350,657053,"field_out","hit_into_play",,,,,13,"Jose Siri grounds out, third baseman Phil Gosselin to first baseman Jared Walsh.","R","R","R","TB","LAA","X",5,"ground_ball",0,0,2022,"1.18","-1.15","-0.09","1.48",644374,,542194,2,7,"Bot",85.09,159.17,,,545358,,,0.36814270926505305,-110.6522799004123,0.4657234644984849,9.44208480462269,24.848613368744516,-41.83406361620044,"3.38","1.62",94,"82",8,"76.1",2512,"6.9",661858,657053,545358,665120,650859,594838,664058,642423,545361,621493,"53.57",0.4,0.37,"0",1,0,0,4,62,1,"Curveball",9,1,9,1,1,9,9,1,"Standard","Standard",44,"-0.001","-0.491"
"CU","2022-08-23","76.5","-1.14","5.7","Toussaint, Touki",542194,657053,"single","hit_into_play",,,,,7,"Christian Bethancourt singles on a fly ball to shortstop David Fletcher.   Isaac Paredes scores.    Taylor Walls scores.    Yu Chang to 3rd.","R","R","R","TB","LAA","X",6,"fly_ball",0,2,2022,"1.06","-0.95","-0.82","1.84",670623,670764,644374,2,7,"Bot",106.76,110.08,,,545358,,,-1.2500951119456603,-111.30783326013163,0.8060916132758869,8.948979625500403,24.731997539676673,-40.40750639955561,"3.54","1.74",205,"63.4",31,"76.6",2385,"6.9",661858,657053,545358,665120,650859,594838,664058,642423,545361,621493,"53.55",0.723,0.651,"0.9",1,1,0,4,61,4,"Curveball",7,1,7,1,1,9,9,1,"Standard","Standard",50,"0.004","1.784"
"FS","2022-08-23","88.8","-1.32","5.39","Toussaint, Touki",542194,657053,,"foul",,,,,7,"Christian Bethancourt singles on a fly ball to shortstop David Fletcher.   Isaac Paredes scores.    Taylor Walls scores.    Yu Chang to 3rd.","R","R","R","TB","LAA","S",,,0,2,2022,"-0.97","0.14","-0.48","2.13",670623,670764,644374,2,7,"Bot",,,,,545358,,,4.150735478641823,-129.2711716881094,-2.2433981284478848,-11.76906304885384,27.134414712847878,-30.36353672528003,"3.54","1.74",6,"40.9",-19,"90",1421,"7",661858,657053,545358,665120,650859,594838,664058,642423,545361,621493,"53.48",,,,,,,,61,3,"Split-Finger",7,1,7,1,1,7,7,1,"Standard","Standard",238,"0","0"
"FS","2022-08-23","88.6","-1.43","5.39","Toussaint, Touki",542194,657053,,"swinging_strike",,,,,13,"Christian Bethancourt singles on a fly ball to shortstop David Fletcher.   Isaac Paredes scores.    Taylor Walls scores.    Yu Chang to 3rd.","R","R","R","TB","LAA","S",,,0,1,2022,"-0.99","0.76","-0.41","1.35",670623,670764,644374,2,7,"Bot",,,,,545358,,,4.668920551771025,-128.87403531146856,-5.456145495018695,-11.980882077338846,27.958939539192123,-22.723621933769927,"3.54","1.74",,,,"90.2",1462,"7.4",661858,657053,545358,665120,650859,594838,664058,642423,545361,621493,"53.14",,,,,,,,61,2,"Split-Finger",7,1,7,1,1,7,7,1,"Standard","Standard",242,"0","-0.158"
"SI","2022-08-23","93.4","-1.56","5.4","Toussaint, Touki",542194,657053,,"called_strike",,,,,8,"Christian Bethancourt singles on a fly ball to shortstop David Fletcher.   Isaac Paredes scores.    Taylor Walls scores.    Yu Chang to 3rd.","R","R","R","TB","LAA","S",,,0,0,2022,"-1.6","0.63","0.11","1.96",670623,670764,644374,2,7,"Bot",,,,,545358,,,7.9754004732118355,-135.63432534667484,-4.460108284529155,-21.56771491129187,32.22069031454812,-23.61271802944479,"3.64","1.8",,,,"94.5",2203,"7.2",661858,657053,545358,665120,650859,594838,664058,642423,545361,621493,"53.29",,,,,,,,61,1,"Sinker",7,1,7,1,1,7,7,1,"Standard","Standard",216,"0","-0.128"
"SI","2022-08-23","91.8","-1.4","5.34","Toussaint, Touki",644374,657053,"walk","ball",,,,,14,"Yu Chang walks.   Isaac Paredes to 3rd.    Taylor Walls to 2nd.","R","R","R","TB","LAA","B",,,3,2,2022,"-1.49","0.59","1.37","0.69",,670623,670764,2,7,"Bot",,,,,545358,,,10.387273699574903,-133.0611962196244,-7.168003017786043,-20.031666729662465,33.24186176263346,-23.581195001820905,"3.49","1.75",,,,"92.5",2259,"7.3",661858,657053,545358,665120,650859,594838,664058,642423,545361,621493,"53.22",,,"0.7",1,0,0,,60,6,"Sinker",7,1,7,1,1,7,7,1,"Standard","Standard",222,"0.001","0.322"
"SI","2022-08-23","92.9","-1.46","5.31","Toussaint, Touki",644374,657053,,"foul",,,,,5,"Yu Chang walks.   Isaac Paredes to 3rd.    Taylor Walls to 2nd.","R","R","R","TB","LAA","S",,,3,1,2022,"-1.39","0.89","0.2","2.53",,670623,670764,2,7,"Bot",,,,,545358,,,7.415195861698919,-134.95511646796817,-3.2570247696858647,-18.608758593150664,32.193532271549984,-20.871280420620483,"3.42","1.6",182,"81.1",58,"94.1",2288,"7.3",661858,657053,545358,665120,650859,594838,664058,642423,545361,621493,"53.21",,,,,,,,60,5,"Sinker",7,1,7,1,1,7,7,1,"Standard","Standard",220,"0","-0.123"
"SI","2022-08-23","91.9","-1.58","5.43","Toussaint, Touki",644374,657053,,"ball",,,,,13,"Yu Chang walks.   Isaac Paredes to 3rd.    Taylor Walls to 2nd.","R","R","R","TB","LAA","B",,,2,1,2022,"-1.83","0.33","-0.15","1.4",,670623,670764,2,7,"Bot",,,,,545358,,,7.747939522284677,-133.43718570354397,-5.036709623816653,-23.53523137473925,32.85215247823026,-27.21419652825756,"3.46","1.72",,,,"92.7",2171,"7.2",661858,657053,545358,665120,650859,594838,664058,642423,545361,621493,"53.28",,,,,,,,60,4,"Sinker",7,1,7,1,1,7,7,1,"Standard","Standard",218,"0","0.107"
"SI","2022-08-23","92.4","-1.54","5.36","Toussaint, Touki",644374,657053,,"foul",,,,,8,"Yu Chang walks.   Isaac Paredes to 3rd.    Taylor Walls to 2nd.","R","R","R","TB","LAA","S",,,2,0,2022,"-1.49","0.77","0.06","2.02",,670623,670764,2,7,"Bot",,,,,545358,,,7.450330994039605,-134.3188144398032,-4.371295423276595,-19.620952578950792,30.94694408414269,-22.134925396330587,"3.42","1.6",3,"80.4",-33,"93.7",2339,"7.2",661858,657053,545358,665120,650859,594838,664058,642423,545361,621493,"53.25",,,,,,,,60,3,"Sinker",7,1,7,1,1,7,7,1,"Standard","Standard",219,"0","-0.09"
"SI","2022-08-23","91.5","-1.52","5.33","Toussaint, Touki",644374,657053,,"ball",,,,,13,"Yu Chang walks.   Isaac Paredes to 3rd.    Taylor Walls to 2nd.","R","R","R","TB","LAA","B",,,1,0,2022,"-1.4","0.64","-0.28","0.98",,670623,670764,2,7,"Bot",,,,,545358,,,6.250496801244198,-132.91420230611342,-6.544274840854096,-17.97915803866117,30.508235689046437,-23.27179535282065,"3.51","1.74",,,,"92.8",2255,"7.3",661858,657053,545358,665120,650859,594838,664058,642423,545361,621493,"53.21",,,,,,,,60,2,"Sinker",7,1,7,1,1,7,7,1,"Standard","Standard",221,"0","0.068"
"CU","2022-08-23","75.6","-1.25","5.7","Toussaint, Touki",644374,657053,,"ball",,,,,13,"Yu Chang walks.   Isaac Paredes to 3rd.    Taylor Walls to 2nd.","R","R","R","TB","LAA","B",,,0,0,2022,"0.85","-1.02","-0.16","1.14",,670623,670764,2,7,"Bot",,,,,545358,,,0.7455048389474868,-110.08277906323275,-0.4633137033258845,6.692717889758593,22.77524320579437,-40.48314172289265,"3.53","1.72",,,,"76.4",2399,"7.2",661858,657053,545358,665120,650859,594838,664058,642423,545361,621493,"53.29",,,,,,,,60,1,"Curveball",7,1,7,1,1,7,7,1,"Standard","Standard",41,"0","0.054"
"SI","2022-08-23","93.1","-1.61","5.31","Toussaint, Touki",670764,657053,"single","hit_into_play",,,,,7,"Taylor Walls singles on a ground ball to left fielder Magneuris Sierra.   Yandy Diaz scores.    Manuel Margot scores.    Isaac Paredes to 2nd.","R","L","R","TB","LAA","X",7,"ground_ball",0,0,2022,"-1.5","0.81","-0.76","1.95",650490,622534,670623,2,7,"Bot",95.01,117.14,,,545358,,,5.576609289748992,-135.36964177925134,-4.601096213500099,-19.63764512241185,34.51901017343849,-21.43459675141854,"3.33","1.54",72,"87.7",3,"93.8",2311,"7.1",661858,657053,545358,665120,650859,594838,664058,642423,545361,621493,"53.36",0.323,0.291,"0.9",1,1,0,2,59,1,"Sinker",5,1,5,1,1,7,7,1,"Infield shift","Standard",219,"0.018","1.499"
"SI","2022-08-23","92.9","-1.49","5.33","Toussaint, Touki",670623,657053,"walk","ball",,,,,14,"Isaac Paredes walks.   Yandy Diaz to 3rd.    Manuel Margot to 2nd.","R","R","R","TB","LAA","B",,,3,1,2022,"-1.59","0.81","1.17","2.15",,650490,622534,2,7,"Bot",,,,,545358,,,10.458794042850261,-134.81504154020942,-4.107345748129499,-21.725458632178466,32.95630701348586,-21.569955181868615,"3.19","1.63",,,,"93.9",2323,"7.3",661858,657053,545358,665120,650859,594838,664058,642423,545361,621493,"53.2",,,"0.7",1,0,0,,58,5,"Sinker",5,1,5,1,1,5,5,1,"Standard","Standard",216,"0.003","0.199"
"SI","2022-08-23","92.1","-1.46","5.39","Toussaint, Touki",670623,657053,,"ball",,,,,14,"Isaac Paredes walks.   Yandy Diaz to 3rd.    Manuel Margot to 2nd.","R","R","R","TB","LAA","B",,,2,1,2022,"-1.4","0.73","0.98","0.93",,650490,622534,2,7,"Bot",,,,,545358,,,9.392803266718902,-133.61344286876954,-7.061947779545517,-18.86060275136428,32.76369477128478,-21.934372799539474,"3.27","1.68",,,,"93",2288,"7.3",661858,657053,545358,665120,650859,594838,664058,642423,545361,621493,"53.21",,,,,,,,58,4,"Sinker",5,1,5,1,1,5,5,1,"Standard","Standard",218,"0","0.107"
"SI","2022-08-23","92.1","-1.42","5.4","Toussaint, Touki",670623,657053,,"ball",,,,,12,"Isaac Paredes walks.   Yandy Diaz to 3rd.    Manuel Margot to 2nd.","R","R","R","TB","LAA","B",,,1,1,2022,"-1.42","1.28","0.93","2.59",,650490,622534,2,7,"Bot",,,,,545358,,,9.265225617934952,-133.67478840985646,-4.0634678348173425,-19.067372087972306,31.72982147322726,-16.209730460904854,"3.27","1.64",,,,"93.5",2325,"7.5",661858,657053,545358,665120,650859,594838,664058,642423,545361,621493,"53.03",,,,,,,,58,3,"Sinker",5,1,5,1,1,5,5,1,"Standard","Standard",209,"0","0.056"
"SI","2022-08-23","91.8","-1.56","5.38","Toussaint, Touki",670623,657053,,"foul",,,,,7,"Isaac Paredes walks.   Yandy Diaz to 3rd.    Manuel Margot to 2nd.","R","R","R","TB","LAA","S",,,1,0,2022,"-1.53","0.67","-0.73","2.01",,650490,622534,2,7,"Bot",,,,,545358,,,5.501736281300601,-133.4607934989397,-4.106452989532183,-19.423979042190076,32.937382679960145,-23.418884453809163,"3.21","1.49",43,"102.4",0,"92.4",2340,"7",661858,657053,545358,665120,650859,594838,664058,642423,545361,621493,"53.45",,,,,,,,58,2,"Sinker",5,1,5,1,1,5,5,1,"Standard","Standard",216,"0","-0.078"
"CU","2022-08-23","75.9","-1.18","5.71","Toussaint, Touki",670623,657053,,"blocked_ball",,,,,14,"Isaac Paredes walks.   Yandy Diaz to 3rd.    Manuel Margot to 2nd.","R","R","R","TB","LAA","B",,,0,0,2022,"0.9","-1.25","0.38","0.41",,650490,622534,2,7,"Bot",,,,,545358,,,1.645513268039358,-110.48401031363657,-1.6143794499097612,6.909318196884652,24.090622326393756,-42.15225580197691,"3.21","1.62",,,,"76.3",2412,"7.1",661858,657053,545358,665120,650859,594838,664058,642423,545361,621493,"53.44",,,,,,,,58,1,"Curveball",5,1,5,1,1,5,5,1,"Strategic","Standard",47,"0","0.054"
"SI","2022-08-23","93.1","-1.54","5.46","Toussaint, Touki",623912,657053,"strikeout","swinging_strike",,,,,13,"Harold Ramirez strikes out swinging.","R","R","R","TB","LAA","S",2,,3,2,2022,"-1.64","0.54","-1.25","1.43",,650490,622534,1,7,"Bot",,,,,545358,,,4.415562142806208,-135.38942514084684,-5.788786952017754,-21.074030841132906,31.422394425418926,-24.38358741174441,"3.2","1.44",,,,"94.1",2243,"7.1",661858,657053,545358,665120,650859,594838,664058,642423,545361,621493,"53.44",,,"0",1,0,0,,57,6,"Sinker",5,1,5,1,1,5,5,1,"Standard","Standard",219,"-0.005","-0.551"
"CU","2022-08-23","76.9","-1.49","5.67","Toussaint, Touki",623912,657053,,"blocked_ball",,,,,13,"Harold Ramirez strikes out swinging.","R","R","R","TB","LAA","B",,,2,2,2022,"1.2","-1.05","-0.76","0.75",,650490,622534,1,7,"Bot",,,,,545358,,,-0.6680387427941901,-111.80734602662174,-1.3403519114444886,10.047659738881016,25.461101638146186,-40.73227078898355,"3.08","1.51",,,,"77",2389,"7",661858,657053,545358,665120,650859,594838,664058,642423,545361,621493,"53.51",,,,,,,,57,5,"Curveball",5,1,5,1,1,5,5,1,"Standard","Standard",43,"0","0.165"
"SI","2022-08-23","91.6","-1.6","5.38","Toussaint, Touki",623912,657053,,"foul",,,,,4,"Harold Ramirez strikes out swinging.","R","R","R","TB","LAA","S",,,2,1,2022,"-1.45","0.79","-0.47","2.39",,650490,622534,1,7,"Bot",,,,,545358,,,6.095363362914938,-133.12454673383127,-3.32450456915443,-18.576403757131978,33.892855267766706,-22.280553306566937,"3.2","1.44",,,,"92.1",2316,"7.1",661858,657053,545358,665120,650859,594838,664058,642423,545361,621493,"53.44",,,,,,,,57,4,"Sinker",5,1,5,1,1,5,5,1,"Standard","Standard",214,"0","-0.13"
"SI","2022-08-23","92.8","-1.8","5.39","Toussaint, Touki",623912,657053,,"swinging_strike",,,,,13,"Harold Ramirez strikes out swinging.","R","R","R","TB","LAA","S",,,2,0,2022,"-1.88","0.62","-1.16","1.17",,650490,622534,1,7,"Bot",,,,,545358,,,5.847641225941682,-134.84324651034777,-6.347017648291793,-24.077814920516115,34.361209848987755,-23.314502950519856,"3.2","1.44",,,,"93.3",2236,"7.1",661858,657053,545358,665120,650859,594838,664058,642423,545361,621493,"53.43",,,,,,,,57,3,"Sinker",5,1,5,1,1,5,5,1,"Standard","Standard",222,"0","-0.102"
"CU","2022-08-23","75","-1.29","5.68","Toussaint, Touki",623912,657053,,"blocked_ball",,,,,14,"Harold Ramirez strikes out swinging.","R","R","R","TB","LAA","B",,,1,0,2022,"1.04","-1.05","1.25","-1.11",,650490,622534,1,7,"Bot",,,,,545358,,,3.435844694643544,-108.87224059519998,-4.7490514464588856,7.225334757354292,25.839778502991834,-39.43294106140856,"3.16","1.57",,,,"74.6",2413,"6.9",661858,657053,545358,665120,650859,594838,664058,642423,545361,621493,"53.57",,,,,,,,57,2,"Curveball",5,1,5,1,1,5,5,1,"Standard","Standard",37,"0","0.086"
"SI","2022-08-23","93.3","-1.6","5.47","Toussaint, Touki",623912,657053,,"ball",,,,,11,"Harold Ramirez strikes out swinging.","R","R","R","TB","LAA","B",,,0,0,2022,"-1.48","1.07","-1.01","2.56",,650490,622534,1,7,"Bot",,,,,545358,,,4.826305387869347,-135.5980520835606,-4.022153416446505,-19.234069539175906,35.11676456360583,-18.340932989035387,"3.19","1.43",,,,"93.5",2234,"6.9",661858,657053,545358,665120,650859,594838,664058,642423,545361,621493,"53.63",,,,,,,,57,1,"Sinker",5,1,5,1,1,5,5,1,"Standard","Standard",221,"0","0.063"
"FS","2022-08-17","87.8","-1.63","5.12","Toussaint, Touki",467793,657053,"single","hit_into_play",,,,,7,"Carlos Santana singles on a sharp line drive to left fielder Steven Duggar.   Jesse Winker scores.    Mitch Haniger scores.    J.P. Crawford to 2nd.","R","L","R","LAA","SEA","X",7,"line_drive",2,2,2022,"-0.79","0","-0.56","1.79",608385,571745,641487,2,3,"Top",82.71,104.77,,,435559,,,4.287026756059369,-127.87416958307425,-1.9999611739283951,-9.559338347432057,24.466861972659903,-32.00700838405156,"3.46","1.58",152,"106",5,"89.4",1631,"7.1",663408,657053,435559,665120,664058,650859,623205,621453,642423,621493,"53.44",0.563,0.513,"0.9",1,1,0,4,23,6,"Split-Finger",0,2,2,0,4,0,4,0,"Infield shift","Standard",226,"-0.128","1.606"
"CU","2022-08-17","77.2","-1.55","5.49","Toussaint, Touki",467793,657053,,"foul",,,,,8,"Carlos Santana singles on a sharp line drive to left fielder Steven Duggar.   Jesse Winker scores.    Mitch Haniger scores.    J.P. Crawford to 2nd.","R","L","R","LAA","SEA","S",,,2,2,2022,"1.19","-1.01","-0.23","1.71",608385,571745,641487,2,3,"Top",,,,,435559,,,0.6494750606334961,-112.35860792781504,0.7888085746663365,9.90123266566572,21.58135120185756,-41.03274417897102,"3.46","1.58",2,"67.3",-40,"77.8",2469,"6.8",663408,657053,435559,665120,664058,650859,623205,621453,642423,621493,"53.65",,,,,,,,23,5,"Curveball",0,2,2,0,2,0,2,0,"Infield shift","Standard",46,"0","0"
"FF","2022-08-17","94.5","-1.73","5.2","Toussaint, Touki",467793,657053,,"ball",,,,,11,"Carlos Santana singles on a sharp line drive to left fielder Steven Duggar.   Jesse Winker scores.    Mitch Haniger scores.    J.P. Crawford to 2nd.","R","L","R","LAA","SEA","B",,,1,2,2022,"-0.75","1.27","-1.48","2.96",608385,571745,641487,2,3,"Top",,,,,435559,,,2.3371990993090126,-137.69358310361434,-3.0395951694379617,-10.041925598494716,29.201995769996348,-15.55193995551321,"3.52","1.6",,,,"96",2359,"7",663408,657053,435559,665120,664058,650859,623205,621453,642423,621493,"53.54",,,,,,,,23,4,"4-Seam Fastball",0,2,2,0,2,0,2,0,"Infield shift","Standard",223,"0","0.106"
"FS","2022-08-17","87.6","-1.73","5.16","Toussaint, Touki",467793,657053,,"foul_tip",,,,,7,"Carlos Santana singles on a sharp line drive to left fielder Steven Duggar.   Jesse Winker scores.    Mitch Haniger scores.    J.P. Crawford to 2nd.","R","L","R","LAA","SEA","S",,,1,1,2022,"-0.82","-0.05","-0.68","1.98",608385,571745,641487,2,3,"Top",,,,,435559,,,4.2976387233128825,-127.61240133185791,-1.533077386917984,-9.781554903063626,23.561734185680027,-32.637681565447174,"3.46","1.58",,,,"89.3",1645,"7",663408,657053,435559,665120,664058,650859,623205,621453,642423,621493,"53.45",,,,,,,,23,3,"Split-Finger",0,2,2,0,2,0,2,0,"Infield shift","Standard",236,"0","-0.179"
"FS","2022-08-17","88.8","-1.57","5.2","Toussaint, Touki",467793,657053,,"ball",,,,,13,"Carlos Santana singles on a sharp line drive to left fielder Steven Duggar.   Jesse Winker scores.    Mitch Haniger scores.    J.P. Crawford to 2nd.","R","L","R","LAA","SEA","B",,,0,1,2022,"-1.01","-0.03","-0.28","1.42",608385,571745,641487,2,3,"Top",,,,,435559,,,5.338457430154021,-129.27499432467377,-3.246178804018604,-12.411164854829508,24.513409418563988,-32.082007159864055,"3.54","1.6",,,,"90.3",1720,"7",663408,657053,435559,665120,664058,650859,623205,621453,642423,621493,"53.51",,,,,,,,23,2,"Split-Finger",0,2,2,0,2,0,2,0,"Infield shift","Standard",237,"0","0.093"
"CU","2022-08-17","76.5","-1.56","5.54","Toussaint, Touki",467793,657053,,"called_strike",,,,,2,"Carlos Santana singles on a sharp line drive to left fielder Steven Duggar.   Jesse Winker scores.    Mitch Haniger scores.    J.P. Crawford to 2nd.","R","L","R","LAA","SEA","S",,,0,0,2022,"1.35","-0.98","0.09","2.88",608385,571745,641487,2,3,"Top",,,,,435559,,,1.0717788464876223,-111.282917863122,3.328582395558522,10.870507203652929,22.39271027596209,-41.12696375417039,"3.45","1.58",,,,"77.1",2499,"7",663408,657053,435559,665120,664058,650859,623205,621453,642423,621493,"53.5",,,,,,,,23,1,"Curveball",0,2,2,0,2,0,2,0,"Infield shift","Standard",49,"0","-0.128"
"FF","2022-08-17","93","-1.85","5.14","Toussaint, Touki",641487,657053,"walk","ball",,,,,11,"J.P. Crawford walks.   Adam Frazier scores.    Jesse Winker to 3rd.    Mitch Haniger to 2nd.","R","L","R","LAA","SEA","B",,,3,0,2022,"-0.92","1.14","-0.91","3.69",624428,608385,571745,2,3,"Top",,,,,435559,,,4.487264841222311,-135.42775524005407,-0.460124678734135,-12.278714619238624,29.782967241843327,-18.248325243211394,"3.33","1.56",,,,"94.3",2185,"7.1",663408,657053,435559,665120,664058,650859,623205,621453,642423,621493,"53.45",,,"0.7",1,0,0,,22,4,"4-Seam Fastball",0,1,1,0,2,0,2,0,"Standard","Standard",229,"-0.099","0.305"
"CU","2022-08-17","76","-1.5","5.46","Toussaint, Touki",641487,657053,,"ball",,,,,8,"J.P. Crawford walks.   Adam Frazier scores.    Jesse Winker to 3rd.    Mitch Haniger to 2nd.","R","L","R","LAA","SEA","B",,,2,0,2022,"1.23","-1.14","0.02","1.62",624428,608385,571745,2,3,"Top",,,,,435559,,,0.9826097997270642,-110.56392570397286,1.2362923472027234,9.760951178199168,22.981513162537393,-41.92108640376179,"3.29","1.56",,,,"76.5",2570,"7.1",663408,657053,435559,665120,664058,650859,623205,621453,642423,621493,"53.43",,,,,,,,22,3,"Curveball",0,1,1,0,1,0,1,0,"Standard","Standard",48,"0","0.363"
"FS","2022-08-17","88.1","-1.6","5.28","Toussaint, Touki",641487,657053,,"ball",,,,,13,"J.P. Crawford walks.   Adam Frazier scores.    Jesse Winker to 3rd.    Mitch Haniger to 2nd.","R","L","R","LAA","SEA","B",,,1,0,2022,"-1.05","0.02","-2.53","2.18",624428,608385,571745,2,3,"Top",,,,,435559,,,-0.0655085818348784,-128.3892451389903,-1.5310287885539355,-11.596367175783259,25.82045133772253,-31.8223776213527,"3.37","1.56",,,,"89.5",1703,"7",663408,657053,435559,665120,664058,650859,623205,621453,642423,621493,"53.5",,,,,,,,22,2,"Split-Finger",0,1,1,0,1,0,1,0,"Standard","Standard",232,"0","0.221"
"FS","2022-08-17","88.1","-1.82","5.23","Toussaint, Touki",641487,657053,,"ball",,,,,13,"J.P. Crawford walks.   Adam Frazier scores.    Jesse Winker to 3rd.    Mitch Haniger to 2nd.","R","L","R","LAA","SEA","B",,,0,0,2022,"-0.93","0.05","-1.1","2.41",624428,608385,571745,2,3,"Top",,,,,435559,,,3.702119549368365,-128.31128745022903,-0.9100642537504162,-11.01892705644516,24.68710541593111,-31.598935168967184,"3.33","1.51",,,,"89.5",1632,"6.9",663408,657053,435559,665120,664058,650859,623205,621453,642423,621493,"53.56",,,,,,,,22,1,"Split-Finger",0,1,1,0,1,0,1,0,"Standard","Standard",247,"0","0.121"
"CU","2022-08-17","78.2","-1.32","5.49","Toussaint, Touki",553993,657053,"strikeout","swinging_strike_blocked",,,,,14,"Eugenio Suarez strikes out swinging.","R","R","R","LAA","SEA","S",2,,1,2,2022,"1.01","-1.05","1.83","0.21",624428,608385,571745,1,3,"Top",,,,,435559,,,5.004952702757023,-113.68164561868763,-2.5058497840037637,7.599644261247419,23.669651877786787,-40.87733916219712,"3.51","1.58",,,,"78.9",2564,"7.2",663408,657053,435559,665120,664058,650859,623205,621453,642423,621493,"53.35",,,"0",1,0,0,,21,4,"Curveball",0,1,1,0,1,0,1,0,"Infield shift","Standard",45,"0.071","-0.586"
"FS","2022-08-17","88.7","-1.58","5.22","Toussaint, Touki",553993,657053,,"swinging_strike",,,,,8,"Eugenio Suarez strikes out swinging.","R","R","R","LAA","SEA","S",,,1,1,2022,"-1","0.47","0.2","2.17",624428,608385,571745,1,3,"Top",,,,,435559,,,6.56424048987252,-129.13562970519496,-2.4566299389531148,-12.468652301759285,25.05227170787366,-26.562466363313682,"3.51","1.58",,,,"90.5",1676,"7.2",663408,657053,435559,665120,664058,650859,623205,621453,642423,621493,"53.29",,,,,,,,21,3,"Split-Finger",0,1,1,0,1,0,1,0,"Infield shift","Standard",230,"0","-0.119"
"SI","2022-08-17","91.3","-1.72","5.14","Toussaint, Touki",553993,657053,,"foul",,,,,7,"Eugenio Suarez strikes out swinging.","R","R","R","LAA","SEA","S",,,1,0,2022,"-1.26","0.6","-0.74","1.93",624428,608385,571745,1,3,"Top",,,,,435559,,,5.2613191569439,-132.83266358705563,-3.4923657206746332,-16.104123155933372,29.60991942114336,-24.571043767250156,"3.51","1.58",230,"108",15,"92.3",2251,"7",663408,657053,435559,665120,664058,650859,623205,621453,642423,621493,"53.49",,,,,,,,21,2,"Sinker",0,1,1,0,1,0,1,0,"Infield shift","Standard",212,"0","-0.122"
"CU","2022-08-17","76.5","-1.34","5.57","Toussaint, Touki",553993,657053,,"ball",,,,,12,"Eugenio Suarez strikes out swinging.","R","R","R","LAA","SEA","B",,,0,0,2022,"1.38","-0.76","1.02","2.8",624428,608385,571745,1,3,"Top",,,,,435559,,,2.4972764747598304,-111.15081053622987,2.7843506205470074,10.750409088500852,24.191284628634975,-39.234325121801724,"3.37","1.56",,,,"76.6",2543,"6.9",663408,657053,435559,665120,664058,650859,623205,621453,642423,621493,"53.55",,,,,,,,21,1,"Curveball",0,1,1,0,1,0,1,0,"Infield shift","Standard",47,"0","0.063"
"SI","2022-08-17","93.8","-1.59","5.18","Toussaint, Touki",571745,657053,"single","hit_into_play",,,,,4,"Mitch Haniger singles on a sharp line drive to left fielder Steven Duggar.   Sam Haggerty scores.    Adam Frazier to 3rd.    Jesse Winker to 2nd.","R","R","R","LAA","SEA","X",7,"line_drive",2,2,2022,"-1.26","0.64","-0.35","2.4",664059,624428,608385,1,3,"Top",62.73,94.01,,,435559,,,6.0968134497916875,-136.46190125259164,-2.907775200877636,-17.138056732234055,30.428383007306007,-23.79257882121458,"3.35","1.54",260,"108.7",14,"95.2",2355,"7.2",663408,657053,435559,665120,664058,650859,623205,621453,642423,621493,"53.33",0.729,0.785,"0.9",1,1,0,5,20,5,"Sinker",0,0,0,0,1,0,1,0,"Infield shift","Standard",222,"-0.1","1.335"
"CU","2022-08-17","76.8","-1.4","5.59","Toussaint, Touki",571745,657053,,"swinging_strike",,,,,14,"Mitch Haniger singles on a sharp line drive to left fielder Steven Duggar.   Sam Haggerty scores.    Adam Frazier to 3rd.    Jesse Winker to 2nd.","R","R","R","LAA","SEA","S",,,2,1,2022,"1.22","-0.93","0.86","2.09",664059,624428,608385,1,3,"Top",,,,,435559,,,2.603409502715719,-111.72203924140491,1.4487202380480415,9.511783219619437,23.86344377428394,-40.41252964561008,"3.35","1.54",,,,"77.1",2514,"7",663408,657053,435559,665120,664058,650859,623205,621453,642423,621493,"53.55",,,,,,,,20,4,"Curveball",0,0,0,0,0,0,0,0,"Infield shift","Standard",46,"0","-0.085"
"SI","2022-08-17","93","-1.75","5.09","Toussaint, Touki",571745,657053,,"ball",,,,,13,"Mitch Haniger singles on a sharp line drive to left fielder Steven Duggar.   Sam Haggerty scores.    Adam Frazier to 3rd.    Jesse Winker to 2nd.","R","R","R","LAA","SEA","B",,,1,1,2022,"-1.42","0.75","-0.88","1.63",664059,624428,608385,1,3,"Top",,,,,435559,,,5.4174278460290095,-135.2169173772845,-4.728243210530787,-18.542822650721547,32.71581822113889,-22.08847698426108,"3.42","1.65",,,,"93.8",2199,"7",663408,657053,435559,665120,664058,650859,623205,621453,642423,621493,"53.47",,,,,,,,20,3,"Sinker",0,0,0,0,0,0,0,0,"Infield shift","Standard",230,"0","0.056"
"SI","2022-08-17","92.3","-1.66","5.2","Toussaint, Touki",571745,657053,,"ball",,,,,11,"Mitch Haniger singles on a sharp line drive to left fielder Steven Duggar.   Sam Haggerty scores.    Adam Frazier to 3rd.    Jesse Winker to 2nd.","R","R","R","LAA","SEA","B",,,0,1,2022,"-1.31","0.8","-0.64","3.72",664059,624428,608385,1,3,"Top",,,,,435559,,,5.527218220604073,-134.23783973497038,0.4150820087940562,-17.078413698090912,32.06434434852127,-22.964557456516665,"3.37","1.6",,,,"93.1",2286,"7",663408,657053,435559,665120,664058,650859,623205,621453,642423,621493,"53.45",,,,,,,,20,2,"Sinker",0,0,0,0,0,0,0,0,"Infield shift","Standard",226,"0","0.013"
"SI","2022-08-17","93","-1.75","5.23","Toussaint, Touki",571745,657053,,"foul",,,,,11,"Mitch Haniger singles on a sharp line drive to left fielder Steven Duggar.   Sam Haggerty scores.    Adam Frazier to 3rd.    Jesse Winker to 2nd.","R","R","R","LAA","SEA","S",,,0,0,2022,"-1.23","0.81","-0.85","2.93",664059,624428,608385,1,3,"Top",,,,,435559,,,5.068831632641953,-135.34148373517039,-1.9015076362123877,-16.25323619242784,29.738000062231418,-22.023737912221804,"3.35","1.54",126,"62.9",68,"94",2301,"6.9",663408,657053,435559,665120,664058,650859,623205,621453,642423,621493,"53.64",,,,,,,,20,1,"Sinker",0,0,0,0,0,0,0,0,"Infield shift","Standard",231,"0","-0.073"
"SI","2022-08-17","93.3","-1.79","5.11","Toussaint, Touki",608385,657053,"walk","ball",,,,,11,"Jesse Winker walks.","R","L","R","LAA","SEA","B",,,3,1,2022,"-1.05","1","-1.68","2.95",664059,624428,,1,3,"Top",,,,,435559,,,2.672126418739809,-135.84153785814829,-2.0277166706800855,-13.637348615003692,30.002674665286538,-19.555525729238326,"3.35","1.42",,,,"94.7",2307,"7.1",663408,657053,435559,665120,664058,650859,623205,621453,642423,621493,"53.38",,,"0.7",1,0,0,,19,5,"Sinker",0,0,0,0,0,0,0,0,"Infield shift","Standard",228,"-0.012","0.107"
"FF","2022-08-17","94.4","-1.75","5.21","Toussaint, Touki",608385,657053,,"called_strike",,,,,1,"Jesse Winker walks.","R","L","R","LAA","SEA","S",,,3,0,2022,"-0.76","1.23","-0.71","3.11",664059,624428,,1,3,"Top",,,,,435559,,,4.465819889297915,-137.40786296837814,-2.5148753076334582,-10.64730006788662,30.92842207373532,-16.244727710570114,"3.56","1.51",,,,"95.7",2308,"7",663408,657053,435559,665120,664058,650859,623205,621453,642423,621493,"53.46",,,,,,,,19,4,"4-Seam Fastball",0,0,0,0,0,0,0,0,"Infield shift","Standard",229,"0","-0.08"
"FS","2022-08-17","86.6","-1.61","5.23","Toussaint, Touki",608385,657053,,"ball",,,,,13,"Jesse Winker walks.","R","L","R","LAA","SEA","B",,,2,0,2022,"-0.92","0.3","-1.43","2.29",664059,624428,,1,3,"Top",,,,,435559,,,2.363120903784672,-126.22340991184484,-1.4673411301763442,-10.338803847311159,24.854909768755267,-28.883598291058284,"3.33","1.51",,,,"87.9",1459,"6.9",663408,657053,435559,665120,664058,650859,623205,621453,642423,621493,"53.57",,,,,,,,19,3,"Split-Finger",0,0,0,0,0,0,0,0,"Infield shift","Standard",238,"0","0.12"
"FS","2022-08-17","87.8","-1.83","5.22","Toussaint, Touki",608385,657053,,"ball",,,,,13,"Jesse Winker walks.","R","L","R","LAA","SEA","B",,,1,0,2022,"-0.8","-0.03","-1.26","2.2",664059,624428,,1,3,"Top",,,,,435559,,,3.0815470994360776,-127.88869137434622,-1.1796011522692489,-9.364042209675352,25.25751672324534,-32.45716951853444,"3.3","1.53",,,,"89.2",1588,"7",663408,657053,435559,665120,664058,650859,623205,621453,642423,621493,"53.51",,,,,,,,19,2,"Split-Finger",0,0,0,0,0,0,0,0,"Infield shift","Standard",230,"0","0.045"
"FF","2022-08-17","93.8","-1.86","5.33","Toussaint, Touki",608385,657053,,"ball",,,,,11,"Jesse Winker walks.","R","L","R","LAA","SEA","B",,,0,0,2022,"-0.91","1.08","-1.28","3.68",664059,624428,,1,3,"Top",,,,,435559,,,3.5552574844086733,-136.71216918577542,-0.9512003428409379,-12.181238810243281,28.847143626412414,-18.62191092949859,"3.35","1.44",,,,"95.2",2354,"6.9",663408,657053,435559,665120,664058,650859,623205,621453,642423,621493,"53.58",,,,,,,,19,1,"4-Seam Fastball",0,0,0,0,0,0,0,0,"Infield shift","Standard",219,"0","0.039"
"SI","2022-08-17","91.1","-1.69","5.24","Toussaint, Touki",677594,657053,"field_out","hit_into_play",,,,,2,"Julio Rodriguez grounds out sharply to first baseman Jared Walsh.   Sam Haggerty to 3rd.    Adam Frazier to 2nd.","R","R","R","LAA","SEA","X",3,"ground_ball",0,2,2022,"-1.28","0.42","0.23","3.1",,664059,624428,0,3,"Top",161.47,155.66,,,435559,,,7.6670434919970285,-132.5591972854115,-0.4181728095933588,-16.71673003309501,25.707935749910447,-27.321515628680498,"3.27","1.46",4,"100.3",-37,"92.6",2241,"7",663408,657053,435559,665120,664058,650859,623205,621453,642423,621493,"53.51",0.103,0.093,"0",1,0,0,2,18,5,"Sinker",0,0,0,0,0,0,0,0,"Standard","Standard",241,"0.001","-0.479"
"FS","2022-08-17","85.9","-1.66","5.3","Toussaint, Touki",677594,657053,,"foul",,,,,11,"Julio Rodriguez grounds out sharply to first baseman Jared Walsh.   Sam Haggerty to 3rd.    Adam Frazier to 2nd.","R","R","R","LAA","SEA","S",,,0,2,2022,"-0.72","0.33","-0.99","3.3",,664059,624428,0,3,"Top",,,,,435559,,,3.0927337143182205,-125.04325919679889,0.8938739682009303,-8.14254993807184,26.051354039889596,-29.14188556340772,"3.27","1.46",5,"70.9",-31,"87.1",1565,"7.1",663408,657053,435559,665120,664058,650859,623205,621453,642423,621493,"53.42",,,,,,,,18,4,"Split-Finger",0,0,0,0,0,0,0,0,"Standard","Standard",229,"0","0"
"CU","2022-08-17","75.3","-1.39","5.62","Toussaint, Touki",677594,657053,,"foul",,,,,14,"Julio Rodriguez grounds out sharply to first baseman Jared Walsh.   Sam Haggerty to 3rd.    Adam Frazier to 2nd.","R","R","R","LAA","SEA","S",,,0,2,2022,"1.14","-0.82","0.96","2.08",,664059,624428,0,3,"Top",,,,,435559,,,2.890135109343386,-109.59229383387424,1.3334486896439541,8.609084655643073,20.436964892365687,-39.24404386061337,"3.27","1.46",154,"64",62,"76.1",2354,"7",663408,657053,435559,665120,664058,650859,623205,621453,642423,621493,"53.49",,,,,,,,18,3,"Curveball",0,0,0,0,0,0,0,0,"Standard","Standard",43,"0","0"
"SI","2022-08-17","91.2","-1.67","5.46","Toussaint, Touki",677594,657053,,"foul",,,,,11,"Julio Rodriguez grounds out sharply to first baseman Jared Walsh.   Sam Haggerty to 3rd.    Adam Frazier to 2nd.","R","R","R","LAA","SEA","S",,,0,1,2022,"-1.06","0.84","-1.38","3.51",,664059,624428,0,3,"Top",,,,,435559,,,3.041966591392097,-132.87606849371932,-0.8194635995555021,-13.164865112580749,29.091953365476165,-22.317585576158947,"3.27","1.46",15,"62.3",-11,"92.5",2498,"7",663408,657053,435559,665120,664058,650859,623205,621453,642423,621493,"53.47",,,,,,,,18,2,"Sinker",0,0,0,0,0,0,0,0,"Standard","Standard",294,"0","-0.111"
"SI","2022-08-17","91.5","-1.63","5.38","Toussaint, Touki",677594,657053,,"called_strike",,,,,5,"Julio Rodriguez grounds out sharply to first baseman Jared Walsh.   Sam Haggerty to 3rd.    Adam Frazier to 2nd.","R","R","R","LAA","SEA","S",,,0,0,2022,"-1.35","0.52","0.24","2.47",,664059,624428,0,3,"Top",,,,,435559,,,7.704719586826539,-133.05624401715858,-2.6026811095307623,-17.713078708696177,28.150242337867795,-25.637619153971563,"3.37","1.6",,,,"92.4",2715,"6.8",663408,657053,435559,665120,664058,650859,623205,621453,642423,621493,"53.67",,,,,,,,18,1,"Sinker",0,0,0,0,0,0,0,0,"Strategic","Standard",337,"0","-0.082"
"FS","2022-08-17","86","-1.71","5.29","Toussaint, Touki",624428,657053,"walk","ball",,,,,13,"Adam Frazier walks.","R","L","R","LAA","SEA","B",,,3,1,2022,"-0.92","0.18","-1.1","1.65",,664059,,0,3,"Top",,,,,435559,,,3.341715936390283,-125.37197188190176,-2.8557463888578027,-10.363569300085366,22.5170601273967,-29.897406892707203,"3.21","1.42",,,,"87.5",1658,"6.9",663408,657053,435559,665120,664058,650859,623205,621453,642423,621493,"53.61",,,"0.7",1,0,0,,17,5,"Split-Finger",0,0,0,0,0,0,0,0,"Standard","Standard",235,"-0.03","0.214"
"FS","2022-08-17","85.4","-1.82","5.26","Toussaint, Touki",624428,657053,,"ball",,,,,11,"Adam Frazier walks.","R","L","R","LAA","SEA","B",,,2,1,2022,"-0.89","0.1","-2.18","2.47",,664059,,0,3,"Top",,,,,435559,,,0.9404941538032158,-124.52996839933348,-0.5235949823943479,-9.469719911526825,23.472850864982693,-31.267169723893854,"3.16","1.46",,,,"86.1",1619,"6.5",663408,657053,435559,665120,664058,650859,623205,621453,642423,621493,"53.99",,,,,,,,17,4,"Split-Finger",0,0,0,0,0,0,0,0,"Standard","Standard",242,"0","0.141"
"FS","2022-08-17","85.1","-1.66","5.35","Toussaint, Touki",624428,657053,,"ball",,,,,11,"Adam Frazier walks.","R","L","R","LAA","SEA","B",,,1,1,2022,"-0.88","0.19","-0.98","2.46",,,664059,0,3,"Top",,,,,435559,,,3.3867335390881195,-124.00426625603019,-0.9233374254415909,-9.743395914011895,22.70298218582749,-30.272895485869505,"3.21","1.37",,,,"86.4",1609,"6.9",663408,657053,435559,665120,664058,650859,623205,621453,642423,621493,"53.64",,,,,,,,17,3,"Split-Finger",0,0,0,0,0,0,0,0,"Standard","Standard",237,"-0.029","0.096"
"FS","2022-08-17","84.7","-1.74","5.31","Toussaint, Touki",624428,657053,,"ball",,,,,11,"Adam Frazier walks.","R","L","R","LAA","SEA","B",,,0,1,2022,"-0.71","0.21","-2.02","2.58",,,664059,0,3,"Top",,,,,435559,,,0.7806910050558368,-123.36643536387332,-0.5013933039396278,-7.473465614671306,23.525450654914856,-30.16052804922984,"3.11","1.39",,,,"85.5",1618,"6.7",663408,657053,435559,665120,664058,650859,623205,621453,642423,621493,"53.84",,,,,,,,17,2,"Split-Finger",0,0,0,0,0,0,0,0,"Standard","Standard",247,"0","0.051"
"FF","2022-08-17","91.8","-1.79","5.34","Toussaint, Touki",624428,657053,,"foul",,,,,9,"Adam Frazier walks.","R","L","R","LAA","SEA","S",,,0,0,2022,"-0.78","0.94","0.47","1.69",,,664059,0,3,"Top",,,,,435559,,,7.459416340226193,-133.50987777406152,-5.52336108438088,-10.807275339237014,26.42393475308095,-19.943576516728267,"3.18","1.44",4,"103.1",-25,"93",2188,"6.9",663408,657053,435559,665120,664058,650859,623205,621453,642423,621493,"53.64",,,,,,,,17,1,"4-Seam Fastball",0,0,0,0,0,0,0,0,"Standard","Standard",225,"0","-0.066"
"CU","2022-08-17","75","-1.61","5.67","Toussaint, Touki",664059,657053,"hit_by_pitch","hit_by_pitch",,,,,12,"Sam Haggerty hit by pitch.","R","L","R","LAA","SEA","B",,,0,0,2022,"1.35","-0.78","1.7","3.12",,,,0,3,"Top",,,,,435559,,,4.487624330933652,-109.01094090910857,3.3971712913034553,9.894952047066162,20.312564429460394,-39.26071203130358,"3.15","1.43",,,,"75.5",2505,"6.9",663408,657053,435559,665120,664058,650859,623205,621453,642423,621493,"53.62",,,"0.7",1,0,0,,16,1,"Curveball",0,0,0,0,0,0,0,0,"Standard","Standard",48,"-0.04","0.398"
"FS","2022-08-17","87.6","-1.68","5.29","Toussaint, Touki",663728,657053,"field_out","hit_into_play",,,,,7,"Cal Raleigh grounds out, second baseman David Fletcher to first baseman Jared Walsh.","R","L","R","LAA","SEA","X",4,"ground_ball",3,2,2022,"-0.83","0.31","-0.74","1.87",,,467793,2,2,"Top",156.55,156.08,,,435559,,,4.078393844026152,-127.6204114667403,-2.8319749693578418,-9.889508926228547,25.155610224146976,-28.39522020122808,"3.48","1.63",12,"83.1",-9,"89.4",1558,"7.2",663408,657053,435559,665120,664058,650859,623205,621453,642423,621493,"53.26",0.109,0.098,"0",1,0,0,2,12,6,"Split-Finger",0,0,0,0,0,0,0,0,"Infield shift","Standard",236,"0.024","-0.256"
"FS","2022-08-17","88.5","-1.74","5.26","Toussaint, Touki",663728,657053,,"ball",,,,,13,"Cal Raleigh grounds out, second baseman David Fletcher to first baseman Jared Walsh.","R","L","R","LAA","SEA","B",,,2,2,2022,"-0.68","-0.07","-1.44","1.69",,,467793,2,2,"Top",,,,,435559,,,2.1787911375301627,-128.9363123340012,-2.5461047196674187,-8.046847719647868,26.935721808719183,-32.625410490715474,"3.45","1.39",,,,"89.9",1535,"7.1",663408,657053,435559,665120,664058,650859,623205,621453,642423,621493,"53.4",,,,,,,,12,5,"Split-Finger",0,0,0,0,0,0,0,0,"Infield shift","Standard",229,"0","0.069"
"FS","2022-08-17","87","-1.68","5.25","Toussaint, Touki",663728,657053,,"foul",,,,,13,"Cal Raleigh grounds out, second baseman David Fletcher to first baseman Jared Walsh.","R","L","R","LAA","SEA","S",,,2,1,2022,"-0.84","0.17","-0.12","1.35",,,467793,2,2,"Top",,,,,435559,,,5.533047563041326,-126.5904041623435,-3.5774587877834927,-10.194521584868484,25.60996804284369,-29.80380761696293,"3.48","1.63",3,"82.3",-27,"88",1612,"6.9",663408,657053,435559,665120,664058,650859,623205,621453,642423,621493,"53.59",,,,,,,,12,4,"Split-Finger",0,0,0,0,0,0,0,0,"Infield shift","Standard",243,"0","-0.05"
"FF","2022-08-17","94.3","-1.66","5.37","Toussaint, Touki",663728,657053,,"ball",,,,,11,"Cal Raleigh grounds out, second baseman David Fletcher to first baseman Jared Walsh.","R","L","R","LAA","SEA","B",,,1,1,2022,"-0.63","1.19","-0.83","3.73",,,467793,2,2,"Top",,,,,435559,,,3.616587830547877,-137.2109178272758,-1.2041554460478943,-8.711085939516238,32.350398044095655,-17.134880481881062,"3.4","1.51",,,,"95.4",2342,"7.1",663408,657053,435559,665120,664058,650859,623205,621453,642423,621493,"53.44",,,,,,,,12,3,"4-Seam Fastball",0,0,0,0,0,0,0,0,"Infield shift","Standard",223,"0","0.029"
"FS","2022-08-17","88.6","-1.76","5.28","Toussaint, Touki",663728,657053,,"swinging_strike",,,,,14,"Cal Raleigh grounds out, second baseman David Fletcher to first baseman Jared Walsh.","R","L","R","LAA","SEA","S",,,1,0,2022,"-0.69","0.16","0.07","1.33",,,467793,2,2,"Top",,,,,435559,,,5.994759263244345,-128.93732084474084,-3.9532815434320323,-8.980928893427501,27.099502981552085,-29.800027041706645,"3.48","1.63",,,,"89.8",1634,"7",663408,657053,435559,665120,664058,650859,623205,621453,642423,621493,"53.45",,,,,,,,12,2,"Split-Finger",0,0,0,0,0,0,0,0,"Infield shift","Standard",238,"0","-0.041"
"CU","2022-08-17","75.6","-1.59","5.62","Toussaint, Touki",663728,657053,,"ball",,,,,13,"Cal Raleigh grounds out, second baseman David Fletcher to first baseman Jared Walsh.","R","L","R","LAA","SEA","B",,,0,0,2022,"1.18","-0.88","-0.95","1.82",,,467793,2,2,"Top",,,,,435559,,,-0.7936453709367361,-109.99909485285518,0.906399114240271,9.66436380721828,22.587201759855486,-39.691087923815935,"3.21","1.46",,,,"76.2",2364,"7.1",663408,657053,435559,665120,664058,650859,623205,621453,642423,621493,"53.44",,,,,,,,12,1,"Curveball",0,0,0,0,0,0,0,0,"Infield shift","Standard",47,"0","0.032"
"FF","2022-08-17","91.9","-1.81","5.35","Toussaint, Touki",467793,657053,"force_out","hit_into_play",,,,,8,"Carlos Santana pops into a force out, second baseman David Fletcher to shortstop Andrew Velazquez.   J.P. Crawford out at 2nd.    Carlos Santana to 1st.","R","L","R","LAA","SEA","X",4,"popup",0,0,2022,"-0.64","1.2","0.02","1.72",,,641487,1,2,"Top",149.96,152.63,,,435559,,,6.073596955291987,-133.60835236902292,-6.013229270136136,-8.911158815326342,28.502030704550855,-16.64738532283467,"3.46","1.58",127,"84.6",69,"92.9",2267,"6.9",663408,657053,435559,665120,664058,650859,623205,621453,642423,621493,"53.56",0.006,0.005,"0",1,0,0,3,11,1,"4-Seam Fastball",0,0,0,0,0,0,0,0,"Infield shift","Standard",220,"0.029","-0.3"
"FF","2022-08-17","93.5","-1.77","5.3","Toussaint, Touki",641487,657053,"single","hit_into_play",,,,,11,"J.P. Crawford singles on a bunt ground ball to third baseman Luis Rengifo.","R","L","R","LAA","SEA","X",5,"ground_ball",1,1,2022,"-0.73","1.26","-0.89","2.94",,,,1,2,"Top",113.71,181.48,,,435559,,,3.9463251685261937,-136.09317011999775,-3.1382576997277565,-9.988705595976096,31.382502514733698,-16.084893664694338,"3.33","1.54",55,"29.6",34,"94.6",2264,"7",663408,657053,435559,665120,664058,650859,623205,621453,642423,621493,"53.47",0.169,0.152,"0.9",1,1,0,1,10,3,"4-Seam Fastball",0,0,0,0,0,0,0,0,"Standard","Standard",226,"-0.026","0.063"
"FF","2022-08-17","93.7","-1.83","5.3","Toussaint, Touki",641487,657053,,"foul",,,,,11,"J.P. Crawford singles on a bunt ground ball to third baseman Luis Rengifo.","R","L","R","LAA","SEA","S",,,1,0,2022,"-0.85","1.2","-0.87","3.08",,,,1,2,"Top",,,,,435559,,,4.428128901425632,-136.41160103622502,-2.654556757990766,-11.646715904535432,31.52098630194188,-16.870680804403296,"3.33","1.54",,,,"94.7",2364,"6.9",663408,657053,435559,665120,664058,650859,623205,621453,642423,621493,"53.55",,,,,,,,10,2,"4-Seam Fastball",0,0,0,0,0,0,0,0,"Standard","Standard",232,"0","-0.031"
"CU","2022-08-17","73.5","-1.5","5.72","Toussaint, Touki",641487,657053,,"ball",,,,,11,"J.P. Crawford singles on a bunt ground ball to third baseman Luis Rengifo.","R","L","R","LAA","SEA","B",,,0,0,2022,"1.28","-0.71","-1.91","3.99",,,,1,2,"Top",,,,,435559,,,-3.0722483662393114,-106.8097718431982,5.133757988311608,10.328066034283355,19.781321434157203,-38.73675511250026,"3.37","1.56",,,,"73.7",2340,"6.7",663408,657053,435559,665120,664058,650859,623205,621453,642423,621493,"53.83",,,,,,,,10,1,"Curveball",0,0,0,0,0,0,0,0,"Standard","Standard",40,"0","0.023"
"CU","2022-08-17","76.4","-1.33","5.7","Toussaint, Touki",553993,657053,"strikeout","swinging_strike",,,,,9,"Eugenio Suarez strikes out swinging.","R","R","R","LAA","SEA","S",2,,0,2,2022,"1.06","-0.96","0.51","1.69",,,,0,2,"Top",,,,,435559,,,1.9945644945819472,-111.16469141656832,0.40051806547383206,8.281069801963797,22.241714366853966,-40.347270100155754,"3.51","1.58",,,,"77",2527,"7",663408,657053,435559,665120,664058,650859,623205,621453,642423,621493,"53.48",,,"0",1,0,0,,9,3,"Curveball",0,0,0,0,0,0,0,0,"Infield shift","Standard",47,"0.023","-0.141"
"SI","2022-08-17","93.1","-1.65","5.37","Toussaint, Touki",553993,657053,,"called_strike",,,,,9,"Eugenio Suarez strikes out swinging.","R","R","R","LAA","SEA","S",,,0,1,2022,"-1.18","0.58","0.6","1.68",,,,0,2,"Top",,,,,435559,,,8.4717810362678,-135.30247876547506,-5.043681203798513,-16.283513702165962,28.01516747491597,-24.09483173011796,"3.45","1.53",,,,"94.5",2239,"7",663408,657053,435559,665120,664058,650859,623205,621453,642423,621493,"53.46",,,,,,,,9,2,"Sinker",0,0,0,0,0,0,0,0,"Infield shift","Standard",235,"0","-0.046"
"SI","2022-08-17","92.9","-1.54","5.39","Toussaint, Touki",553993,657053,,"called_strike",,,,,5,"Eugenio Suarez strikes out swinging.","R","R","R","LAA","SEA","S",,,0,0,2022,"-1.28","0.69","-0.15","2.66",,,,0,2,"Top",,,,,435559,,,6.4248222851844,-135.13332566880288,-2.7242116033805686,-17.053852989204962,30.250947113634556,-23.330130213535003,"3.42","1.51",,,,"93.8",2155,"6.9",663408,657053,435559,665120,664058,650859,623205,621453,642423,621493,"53.58",,,,,,,,9,1,"Sinker",0,0,0,0,0,0,0,0,"Infield shift","Standard",189,"0","-0.034"
"SI","2022-08-17","92.1","-1.6","5.3","Toussaint, Touki",571745,657053,"force_out","hit_into_play",,,,,7,"Mitch Haniger grounds into a force out, shortstop Andrew Velazquez to second baseman David Fletcher.   Jesse Winker out at 2nd.","R","R","R","LAA","SEA","X",6,"ground_ball",1,0,2022,"-1.15","0.62","-0.44","1.64",,,608385,2,1,"Top",108.2,166.73,,,435559,,,5.516253330924849,-134.09376960537148,-4.910339747792152,-15.0239842619102,27.258264237067934,-23.860021277597042,"3.35","1.54",21,"104",-3,"93.6",2313,"7",663408,657053,435559,665120,664058,650859,623205,621453,642423,621493,"53.51",0.351,0.316,"0",1,0,0,2,4,2,"Sinker",0,0,0,0,0,0,0,0,"Infield shift","Standard",227,"0.022","-0.25"
"CU","2022-08-17","74.8","-1.29","5.8","Toussaint, Touki",571745,657053,,"ball",,,,,14,"Mitch Haniger grounds into a force out, shortstop Andrew Velazquez to second baseman David Fletcher.   Jesse Winker out at 2nd.","R","R","R","LAA","SEA","B",,,0,0,2022,"0.72","-0.94","0.77","0.98",,,608385,2,1,"Top",,,,,435559,,,3.0183369450105073,-108.98469266409604,-1.085855218983161,5.150123429201369,19.816106830670137,-39.64467856167791,"3.33","1.53",,,,"75.8",2329,"7",663408,657053,435559,665120,664058,650859,623205,621453,642423,621493,"53.47",,,,,,,,4,1,"Curveball",0,0,0,0,0,0,0,0,"Infield shift","Standard",44,"0","0.032"
"FF","2022-08-17","92.3","-1.67","5.22","Toussaint, Touki",608385,657053,"walk","ball",,,,,14,"Jesse Winker walks.","R","L","R","LAA","SEA","B",,,3,1,2022,"-0.68","1.36","2.19","1.6",,,,2,1,"Top",,,,,435559,,,11.444530317782425,-133.92556895117934,-6.409938660534442,-10.55819817224264,28.216638417497883,-14.566031190014126,"3.28","1.34",,,,"93.6",2291,"7.2",663408,657053,435559,665120,664058,650859,623205,621453,642423,621493,"53.34",,,"0.7",1,0,0,,3,5,"4-Seam Fastball",0,0,0,0,0,0,0,0,"Infield shift","Standard",222,"-0.012","0.065"
"FF","2022-08-17","93.5","-1.85","5.3","Toussaint, Touki",608385,657053,,"called_strike",,,,,2,"Jesse Winker walks.","R","L","R","LAA","SEA","S",,,3,0,2022,"-0.68","1.41","-0.18","3.01",,,,2,1,"Top",,,,,435559,,,5.889778987192748,-136.04892182638253,-3.3261235076720044,-9.74552364174822,29.079311400756033,-14.132352327481254,"3.26","1.27",,,,"95",2318,"7.1",663408,657053,435559,665120,664058,650859,623205,621453,642423,621493,"53.37",,,,,,,,3,4,"4-Seam Fastball",0,0,0,0,0,0,0,0,"Infield shift","Standard",228,"0","-0.026"
"SI","2022-08-17","93.3","-1.9","5.22","Toussaint, Touki",608385,657053,,"ball",,,,,11,"Jesse Winker walks.","R","L","R","LAA","SEA","B",,,2,0,2022,"-1.16","1.1","-1.6","2.55",,,,2,1,"Top",,,,,435559,,,3.3916616558133934,-135.9533786403133,-3.60949961750211,-15.099630902246878,28.65550275749,-17.9757744701363,"3.23","1.42",,,,"94.8",2288,"7",663408,657053,435559,665120,664058,650859,623205,621453,642423,621493,"53.48",,,,,,,,3,3,"Sinker",0,0,0,0,0,0,0,0,"Infield shift","Standard",222,"0","0.042"
"FF","2022-08-17","94.6","-1.81","5.32","Toussaint, Touki",608385,657053,,"ball",,,,,11,"Jesse Winker walks.","R","L","R","LAA","SEA","B",,,1,0,2022,"-0.67","1.38","-1.74","3.01",,,,2,1,"Top",,,,,435559,,,1.6882861604877455,-137.80096039131962,-3.467719534984686,-8.863369611655191,29.058330809950537,-14.024500702911896,"3.33","1.49",,,,"95.9",2380,"6.9",663408,657053,435559,665120,664058,650859,623205,621453,642423,621493,"53.64",,,,,,,,3,2,"4-Seam Fastball",0,0,0,0,0,0,0,0,"Infield shift","Standard",222,"0","0.023"
"CU","2022-08-17","75.8","-1.6","5.66","Toussaint, Touki",608385,657053,,"ball",,,,,13,"Jesse Winker walks.","R","L","R","LAA","SEA","B",,,0,0,2022,"1.05","-1","-0.94","1.58",,,,2,1,"Top",,,,,435559,,,-0.4942863940161221,-110.3028815914733,0.4065332184389725,8.626798825588823,21.129573373511533,-40.56708911006886,"3.23","1.46",,,,"76.1",2691,"6.7",663408,657053,435559,665120,664058,650859,623205,621453,642423,621493,"53.79",,,,,,,,3,1,"Curveball",0,0,0,0,0,0,0,0,"Infield shift","Standard",118,"0","0.015"
"FF","2022-08-17","94.9","-1.68","5.28","Toussaint, Touki",677594,657053,"strikeout","called_strike",,,,,7,"Julio Rodriguez called out on strikes.","R","R","R","LAA","SEA","S",2,,0,2,2022,"-0.73","1.17","-0.32","2.03",,,,1,1,"Top",,,,,435559,,,5.283845596421876,-138.16686246654274,-5.566933939483044,-10.506307363632287,29.16196316275358,-16.182044348229645,"3.37","1.6",,,,"96.8",2370,"7.2",663408,657053,435559,665120,664058,650859,623205,621453,642423,621493,"53.28",,,"0",1,0,0,,2,4,"4-Seam Fastball",0,0,0,0,0,0,0,0,"Standard","Standard",138,"0.015","-0.1"
"CU","2022-08-17","78.5","-1.25","5.68","Toussaint, Touki",677594,657053,,"foul",,,,,7,"Julio Rodriguez called out on strikes.","R","R","R","LAA","SEA","S",,,0,2,2022,"1.16","-1.01","-0.5","1.94",,,,1,1,"Top",,,,,435559,,,-0.5450583019697879,-114.26675082005232,0.6724841777962991,10.184688303483703,22.87118612402187,-41.29795876401027,"3.27","1.46",7,"84.7",-17,"78.9",2491,"6.8",663408,657053,435559,665120,664058,650859,623205,621453,642423,621493,"53.74",,,,,,,,2,3,"Curveball",0,0,0,0,0,0,0,0,"Standard","Standard",41,"0","0"
"CU","2022-08-17","77","-1.42","5.66","Toussaint, Touki",677594,657053,,"foul",,,,,5,"Julio Rodriguez called out on strikes.","R","R","R","LAA","SEA","S",,,0,1,2022,"0.84","-0.82","-0.26","2.29",,,,1,1,"Top",,,,,435559,,,0.9389262753097092,-112.10430069723307,1.3625409853220427,6.871530206179905,21.42373266586921,-39.53653979856371,"3.27","1.46",333,"107.6",23,"77.5",2275,"6.8",663408,657053,435559,665120,664058,650859,623205,621453,642423,621493,"53.72",,,,,,,,2,2,"Curveball",0,0,0,0,0,0,0,0,"Standard","Standard",45,"0","-0.031"
"SI","2022-08-17","92.7","-1.77","5.33","Toussaint, Touki",677594,657053,,"foul",,,,,7,"Julio Rodriguez called out on strikes.","R","R","R","LAA","SEA","S",,,0,0,2022,"-1","0.75","-0.66","1.66",,,,1,1,"Top",,,,,435559,,,5.064576708959572,-135.02351941688667,-5.37269146966911,-13.271719336320428,26.068946860190223,-22.002042958267527,"3.27","1.46",3,"76.9",-30,"94",2321,"6.8",663408,657053,435559,665120,664058,650859,623205,621453,642423,621493,"53.74",,,,,,,,2,1,"Sinker",0,0,0,0,0,0,0,0,"Standard","Standard",229,"0","-0.024"
"SI","2022-08-17","95.1","-1.98","5.27","Toussaint, Touki",624428,657053,"field_out","hit_into_play",,,,,8,"Adam Frazier flies out to center fielder Magneuris Sierra.","R","L","R","LAA","SEA","X",8,"fly_ball",1,1,2022,"-0.97","1.03","0.17","1.87",,,,0,1,"Top",145.72,95.68,,,435559,,,7.882146541014814,-138.232397878713,-5.646761304129468,-14.19097882821318,28.865834420284553,-17.87151963998201,"3.18","1.44",291,"82.4",40,"96.2",2277,"6.9",663408,657053,435559,665120,664058,650859,623205,621453,642423,621493,"53.64",0.023,0.025,"0",1,0,0,3,1,3,"Sinker",0,0,0,0,0,0,0,0,"Standard","Standard",231,"0.022","-0.212"
"SI","2022-08-17","92.1","-1.99","5.29","Toussaint, Touki",624428,657053,,"foul",,,,,5,"Adam Frazier flies out to center fielder Magneuris Sierra.","R","L","R","LAA","SEA","S",,,1,0,2022,"-1.01","1.01","0.03","2.49",,,,0,1,"Top",,,,,435559,,,7.375347437881695,-134.08411840500003,-3.5665645157588717,-13.694279608285632,26.192205055660203,-19.35214079005439,"3.18","1.44",255,"77.3",35,"93.2",2222,"6.7",663408,657053,435559,665120,664058,650859,623205,621453,642423,621493,"53.81",,,,,,,,1,2,"Sinker",0,0,0,0,0,0,0,0,"Standard","Standard",230,"0","-0.043"
"SI","2022-08-17","94.5","-2.03","5.24","Toussaint, Touki",624428,657053,,"ball",,,,,14,"Adam Frazier flies out to center fielder Magneuris Sierra.","R","L","R","LAA","SEA","B",,,0,0,2022,"-1.04","1.06","0.05","1.17",,,,0,1,"Top",,,,,435559,,,7.80475843630637,-137.2844390408942,-7.3715856115800005,-14.776785305539832,28.561485824448603,-17.265749072306864,"3.1","1.47",,,,"95.6",2300,"6.9",663408,657053,435559,665120,664058,650859,623205,621453,642423,621493,"53.61",,,,,,,,1,1,"Sinker",0,0,0,0,0,0,0,0,"Standard","Standard",230,"0","0.033"
"CU","2022-08-10","75.8","-1.5","5.55","Toussaint, Touki",669397,657053,"field_out","hit_into_play",,,,,6,"Nick Allen grounds out, third baseman Luis Rengifo to first baseman Phil Gosselin.","R","R","R","OAK","LAA","X",5,"ground_ball",0,1,2022,"1.28","-0.88","0.28","1.94",,,,2,5,"Bot",98.78,166.16,,,545358,,,1.4457895436938095,-110.32240994493098,1.1722876186487405,10.1945224454683,20.258060830300554,-39.79089813483332,"2.91","1.32",18,"73.2",-5,"76.8",2418,"7.1",662316,657053,545358,594838,664058,650859,623205,666176,642423,621493,"53.41",0.089,0.08,"0",1,0,0,2,33,2,"Curveball",0,0,0,0,0,0,0,0,"Standard","Standard",50,"-0.014","-0.082"
"CU","2022-08-10","74.7","-1.37","5.56","Toussaint, Touki",669397,657053,,"swinging_strike",,,,,9,"Nick Allen grounds out, third baseman Luis Rengifo to first baseman Phil Gosselin.","R","R","R","OAK","LAA","S",,,0,0,2022,"1.38","-1.01","0.73","1.44",,,,2,5,"Bot",,,,,545358,,,1.915851043813888,-108.71732966756811,0.6017350566785917,10.527913046439965,21.045398920299668,-40.49682899792554,"2.91","1.32",,,,"75.6",2452,"7.1",662316,657053,545358,594838,664058,650859,623205,666176,642423,621493,"53.35",,,,,,,,33,1,"Curveball",0,0,0,0,0,0,0,0,"Standard","Standard",45,"0","-0.017"
"CU","2022-08-10","75.4","-1.67","5.42","Toussaint, Touki",605353,657053,"field_out","hit_into_play",,,,,9,"Vimael Machin flies out to right fielder Taylor Ward.","R","L","R","OAK","LAA","X",9,"fly_ball",2,1,2022,"1.28","-0.79","0.51","1.81",,,,1,5,"Bot",163.74,114,,,545358,,,2.2748602280525545,-109.70275421068975,1.126652708118173,9.856745271382275,20.89001922955423,-39.00066025807248,"3.19","1.61",232,"74.3",45,"76.6",2401,"7.3",662316,657053,545358,594838,664058,650859,623205,666176,642423,621493,"53.17",0.154,0.157,"0",1,0,0,3,32,4,"Curveball",0,0,0,0,0,0,0,0,"Standard","Standard",54,"-0.022","-0.181"
"FS","2022-08-10","87.6","-1.68","5.14","Toussaint, Touki",605353,657053,,"ball",,,,,13,"Vimael Machin flies out to right fielder Taylor Ward.","R","L","R","OAK","LAA","B",,,1,1,2022,"-0.87","0.24","-1.22","1.66",,,,1,5,"Bot",,,,,545358,,,2.9826603998840717,-127.71983965218305,-2.8993752216524937,-10.15664913299012,23.549062005700627,-29.167756127696865,"3.39","1.61",,,,"89.8",1483,"7.3",662316,657053,545358,594838,664058,650859,623205,666176,642423,621493,"53.19",,,,,,,,32,3,"Split-Finger",0,0,0,0,0,0,0,0,"Standard","Standard",237,"0","0.033"
"FF","2022-08-10","92.9","-1.85","5.23","Toussaint, Touki",605353,657053,,"ball",,,,,11,"Vimael Machin flies out to right fielder Taylor Ward.","R","L","R","OAK","LAA","B",,,0,1,2022,"-0.51","1.03","-1.65","4.19",,,,1,5,"Bot",,,,,545358,,,1.6770432802233,-135.5121108364412,0.7956061860672905,-6.718172746451555,25.14389063765859,-19.68481384216756,"3.31","1.61",,,,"95.2",2082,"7.1",662316,657053,545358,594838,664058,650859,623205,666176,642423,621493,"53.37",,,,,,,,32,2,"4-Seam Fastball",0,0,0,0,0,0,0,0,"Standard","Standard",220,"0","0.016"
"CU","2022-08-10","74.6","-1.73","5.46","Toussaint, Touki",605353,657053,,"foul",,,,,7,"Vimael Machin flies out to right fielder Taylor Ward.","R","L","R","OAK","LAA","S",,,0,0,2022,"1.36","-0.8","-0.37","1.69",,,,1,5,"Bot",,,,,545358,,,0.3963056556009326,-108.54201985196995,0.9871141489267907,10.553780485395997,21.608440337256752,-38.890685064344524,"3.19","1.61",5,"72.3",-22,"75.2",2499,"7.1",662316,657053,545358,594838,664058,650859,623205,666176,642423,621493,"53.44",,,,,,,,32,1,"Curveball",0,0,0,0,0,0,0,0,"Standard","Standard",50,"0","-0.024"
"FF","2022-08-10","92.6","-1.8","5.12","Toussaint, Touki",462101,657053,"field_out","hit_into_play",,,,,3,"Elvis Andrus flies out to right fielder Taylor Ward.","R","R","R","OAK","LAA","X",9,"fly_ball",3,1,2022,"-0.8","1.2","0.43","3",,,,0,5,"Bot",174.12,107.41,,,545358,,,7.56649582464915,-134.70112516845876,-2.2808552404449647,-11.391516523857522,28.41869148564845,-17.232280915324978,"3.21","1.48",257,"89",47,"94",2227,"7.1",662316,657053,545358,594838,664058,650859,623205,666176,642423,621493,"53.43",0.009,0.012,"0",1,0,0,3,31,5,"4-Seam Fastball",0,0,0,0,0,0,0,0,"Standard","Standard",220,"-0.029","-0.375"
"FF","2022-08-10","91.6","-1.72","5.14","Toussaint, Touki",462101,657053,,"called_strike",,,,,4,"Elvis Andrus flies out to right fielder Taylor Ward.","R","R","R","OAK","LAA","S",,,3,0,2022,"-0.77","0.99","-0.52","2.08",,,,0,5,"Bot",,,,,545358,,,4.780425524345475,-133.38980860552593,-4.128523227140091,-10.217043064459624,25.789556374921673,-19.677561033114824,"3.09","1.48",,,,"93.5",2165,"7.1",662316,657053,545358,594838,664058,650859,623205,666176,642423,621493,"53.37",,,,,,,,31,4,"4-Seam Fastball",0,0,0,0,0,0,0,0,"Standard","Standard",220,"0","-0.076"
"SI","2022-08-10","91","-1.78","5.17","Toussaint, Touki",462101,657053,,"ball",,,,,12,"Elvis Andrus flies out to right fielder Taylor Ward.","R","R","R","OAK","LAA","B",,,2,0,2022,"-1.28","0.59","1.34","2.08",,,,0,5,"Bot",,,,,545358,,,10.770066125062275,-132.13149270563633,-3.1855471335189236,-17.203237588662642,25.817208458175596,-24.747159875810947,"2.84","1.09",,,,"92.9",2208,"7.3",662316,657053,545358,594838,664058,650859,623205,666176,642423,621493,"53.16",,,,,,,,31,3,"Sinker",0,0,0,0,0,0,0,0,"Standard","Standard",223,"0","0.134"
"FS","2022-08-10","86.4","-1.5","5.22","Toussaint, Touki",462101,657053,,"ball",,,,,14,"Elvis Andrus flies out to right fielder Taylor Ward.","R","R","R","OAK","LAA","B",,,1,0,2022,"-0.88","0.24","0.89","1.33",,,,0,5,"Bot",,,,,545358,,,7.610250930062569,-125.7560177930114,-3.6672895709871893,-10.78158977727245,21.714560085077306,-29.151813235566944,"2.94","1.48",,,,"88.3",1642,"7.2",662316,657053,545358,594838,664058,650859,623205,666176,642423,621493,"53.34",,,,,,,,31,2,"Split-Finger",0,0,0,0,0,0,0,0,"Standard","Standard",240,"0","0.063"
"CU","2022-08-10","74.2","-1.42","5.59","Toussaint, Touki",462101,657053,,"ball",,,,,14,"Elvis Andrus flies out to right fielder Taylor Ward.","R","R","R","OAK","LAA","B",,,0,0,2022,"1.11","-0.88","0.78","1.35",,,,0,5,"Bot",,,,,545358,,,2.5875060158247667,-108.03955652401928,0.16510755778469055,8.183824367406368,20.07225271617466,-39.28510904990476,"3.15","1.48",,,,"75",2427,"7",662316,657053,545358,594838,664058,650859,623205,666176,642423,621493,"53.51",,,,,,,,31,1,"Curveball",0,0,0,0,0,0,0,0,"Standard","Standard",50,"0","0.033"
"CU","2022-08-10","74.9","-1.56","5.54","Toussaint, Touki",519390,657053,"field_out","hit_into_play",,,,,4,"Stephen Vogt flies out to left fielder Jo Adell.","R","L","R","OAK","LAA","X",7,"fly_ball",0,0,2022,"1.31","-0.67","-0.49","2.46",,664913,,2,4,"Bot",46.73,95.52,,,545358,,,-0.12467450032366173,-109.06178568620207,2.078709546000719,10.430155184662059,20.11679881104006,-38.112792022792284,"3.13","1.49",321,"94.2",25,"76.1",2362,"7.2",662316,657053,545358,594838,664058,650859,623205,666176,642423,621493,"53.28",0.169,0.206,"0",1,0,0,3,27,1,"Curveball",0,0,0,0,0,0,0,0,"Infield shift","Standard",50,"-0.042","-0.312"
"CU","2022-08-10","76.9","-1.47","5.56","Toussaint, Touki",669221,657053,"strikeout","swinging_strike_blocked",,,,,14,"Sean Murphy strikes out swinging.","R","R","R","OAK","LAA","S",2,,2,2,2022,"1.22","-1","0.72","0.49",,664913,,1,4,"Bot",,,,,545358,,,2.4729609355237505,-111.96238405641304,-1.860757403647737,9.577647714693441,23.562371025299218,-40.35111672156641,"3.44","1.61",,,,"77.5",2518,"7.1",662316,657053,545358,594838,664058,650859,623205,666176,642423,621493,"53.41",,,"0",1,0,0,,26,5,"Curveball",0,0,0,0,0,0,0,0,"Standard","Standard",50,"-0.041","-0.286"
"FS","2022-08-10","88.2","-1.61","5.16","Toussaint, Touki",669221,657053,,"ball",,,,,14,"Sean Murphy strikes out swinging.","R","R","R","OAK","LAA","B",,,1,2,2022,"-0.95","0.31","0.57","1.11",,657656,664913,0,4,"Bot",,,,,545358,,,7.434827934638848,-128.38152654160027,-4.542712806322523,-11.946719220315249,23.12521369094672,-28.101014758172827,"3.32","1.61",,,,"90.3",1703,"7.3",662316,657053,545358,594838,664058,650859,623205,666176,642423,621493,"53.22",,,,,,,,26,4,"Split-Finger",0,0,0,0,0,0,0,0,"Standard","Standard",237,"-0.08","0.089"
"CU","2022-08-10","76.8","-1.26","5.58","Toussaint, Touki",669221,657053,,"blocked_ball",,,,,14,"Sean Murphy strikes out swinging.","R","R","R","OAK","LAA","B",,,0,2,2022,"1.09","-1.04","1.38","1.01",,657656,664913,0,4,"Bot",,,,,545358,,,3.680340879716309,-111.75332789631702,-0.6785453368835906,8.2600080311753,23.393101321885716,-40.8595757196935,"3.44","1.61",,,,"77.7",2488,"7.3",662316,657053,545358,594838,664058,650859,623205,666176,642423,621493,"53.2",,,,,,,,26,3,"Curveball",0,0,0,0,0,0,0,0,"Standard","Standard",52,"0","0.031"
"CU","2022-08-10","75.7","-1.42","5.63","Toussaint, Touki",669221,657053,,"foul",,,,,6,"Sean Murphy strikes out swinging.","R","R","R","OAK","LAA","S",,,0,1,2022,"0.97","-0.96","0.41","2.71",,657656,664913,0,4,"Bot",,,,,545358,,,2.1190587140355044,-110.14257628134636,2.837178561497547,7.450079979959511,20.70231963384029,-40.68707042850165,"3.44","1.61",6,"68.2",-24,"76.6",2430,"7.1",662316,657053,545358,594838,664058,650859,623205,666176,642423,621493,"53.39",,,,,,,,26,2,"Curveball",0,0,0,0,0,0,0,0,"Standard","Standard",47,"0","-0.111"
"CU","2022-08-10","75.2","-1.38","5.63","Toussaint, Touki",669221,657053,,"foul",,,,,9,"Sean Murphy strikes out swinging.","R","R","R","OAK","LAA","S",,,0,0,2022,"1.09","-0.83","0.82","1.54",,657656,664913,0,4,"Bot",,,,,545358,,,2.654078146109355,-109.4895686186836,0.20056944480752192,8.234856745615033,20.359860010199025,-39.11180719700462,"3.44","1.61",7,"46.9",-14,"76.2",2369,"7.1",662316,657053,545358,594838,664058,650859,623205,666176,642423,621493,"53.38",,,,,,,,26,1,"Curveball",0,0,0,0,0,0,0,0,"Standard","Standard",48,"0","-0.082"
"FF","2022-08-10","92","-1.79","5.17","Toussaint, Touki",664913,657053,"single","hit_into_play",,,,,5,"Seth Brown singles on a ground ball to left fielder Jo Adell.   Ramon Laureano to 2nd.","R","L","R","OAK","LAA","X",7,"ground_ball",2,0,2022,"-0.67","1.12","0.13","2.46",,,657656,0,4,"Bot",95.59,98.65,,,545358,,,6.424576565448138,-133.9103024012243,-3.5601957952758028,-9.32535160920369,26.473497185524156,-18.027317492768155,"3.48","1.67",140,"84.3",9,"93.8",2069,"7.2",662316,657053,545358,594838,664058,650859,623205,666176,642423,621493,"53.34",0.463,0.423,"0.9",1,1,0,4,25,3,"4-Seam Fastball",0,0,0,0,0,0,0,0,"Infield shift","Standard",225,"0.061","0.515"
"CU","2022-08-10","75.3","-1.46","5.58","Toussaint, Touki",664913,657053,,"blocked_ball",,,,,14,"Seth Brown singles on a ground ball to left fielder Jo Adell.   Ramon Laureano to 2nd.","R","L","R","OAK","LAA","B",,,1,0,2022,"1.08","-0.75","1.09","0.88",,,657656,0,4,"Bot",,,,,545358,,,3.4105383357883863,-109.63200538572126,-1.2628226269149332,8.07341533642037,20.403160884522933,-38.201175241113454,"3.48","1.67",,,,"76.2",2372,"7.1",662316,657053,545358,594838,664058,650859,623205,666176,642423,621493,"53.43",,,,,,,,25,2,"Curveball",0,0,0,0,0,0,0,0,"Infield shift","Standard",44,"0","0.108"
"FS","2022-08-10","85.3","-1.6","5.22","Toussaint, Touki",664913,657053,,"ball",,,,,14,"Seth Brown singles on a ground ball to left fielder Jo Adell.   Ramon Laureano to 2nd.","R","L","R","OAK","LAA","B",,,0,0,2022,"-0.81","0.38","0.12","0.92",,,657656,0,4,"Bot",,,,,545358,,,5.767377178110446,-124.20601288694604,-4.731340392936704,-9.468109802563472,21.46107589642247,-27.532739151565085,"3.5","1.67",,,,"87",1632,"7.1",662316,657053,545358,594838,664058,650859,623205,666176,642423,621493,"53.45",,,,,,,,25,1,"Split-Finger",0,0,0,0,0,0,0,0,"Infield shift","Standard",241,"0","0.059"
"SI","2022-08-10","91.9","-1.61","5.08","Toussaint, Touki",657656,657053,"single","hit_into_play",,,,,9,"Ramon Laureano singles on a ground ball to center fielder Magneuris Sierra.","R","R","R","OAK","LAA","X",8,"ground_ball",3,2,2022,"-1.05","0.79","0.7","1.93",,,,0,4,"Bot",177,77.62,,,545358,,,8.320828890363353,-133.81044992832534,-4.034927672391547,-14.25420102347151,23.426567161223193,-21.940920396650895,"3.17","1.45",119,"102.7",5,"94.6",2151,"7.4",662316,657053,545358,594838,664058,650859,623205,666176,642423,621493,"53.07",0.557,0.504,"0.9",1,1,0,4,24,6,"Sinker",0,0,0,0,0,0,0,0,"Standard","Standard",223,"0.043","0.317"
"CU","2022-08-10","76.5","-1.58","5.47","Toussaint, Touki",657656,657053,,"ball",,,,,14,"Ramon Laureano singles on a ground ball to center fielder Magneuris Sierra.","R","R","R","OAK","LAA","B",,,2,2,2022,"1.12","-0.98","0.32","0.78",,,,0,4,"Bot",,,,,545358,,,2.016942412030833,-111.4933753247517,-1.0857583850008228,8.90455314892708,20.744435314273275,-40.3881466947635,"3.03","1.45",,,,"77.7",2454,"7.2",662316,657053,545358,594838,664058,650859,623205,666176,642423,621493,"53.35",,,,,,,,24,5,"Curveball",0,0,0,0,0,0,0,0,"Standard","Standard",50,"0","0.103"
"SI","2022-08-10","92.7","-1.58","5.16","Toussaint, Touki",657656,657053,,"foul",,,,,9,"Ramon Laureano singles on a ground ball to center fielder Magneuris Sierra.","R","R","R","OAK","LAA","S",,,2,1,2022,"-1.39","0.69","0.64","1.61",,,,0,4,"Bot",,,,,545358,,,8.860786139519835,-134.71037839954712,-4.864437438563687,-18.779568766146113,27.777022544300994,-22.943568668901065,"3.17","1.45",253,"90.8",20,"94.5",2215,"7.3",662316,657053,545358,594838,664058,650859,623205,666176,642423,621493,"53.19",,,,,,,,24,4,"Sinker",0,0,0,0,0,0,0,0,"Standard","Standard",229,"0","-0.066"
"CU","2022-08-10","74.9","-1.51","5.61","Toussaint, Touki",657656,657053,,"ball",,,,,14,"Ramon Laureano singles on a ground ball to center fielder Magneuris Sierra.","R","R","R","OAK","LAA","B",,,1,1,2022,"1.07","-0.81","1.2","1.03",,,,0,4,"Bot",,,,,545358,,,3.7267236586809807,-109.0009815539228,-0.7706929031845832,7.73407747638942,21.412324792322977,-38.68336001809837,"3.03","1.45",,,,"75.4",2337,"6.9",662316,657053,545358,594838,664058,650859,623205,666176,642423,621493,"53.61",,,,,,,,24,3,"Curveball",0,0,0,0,0,0,0,0,"Standard","Standard",49,"0","0.049"
"CU","2022-08-10","74.9","-1.41","5.59","Toussaint, Touki",657656,657053,,"ball",,,,,14,"Ramon Laureano singles on a ground ball to center fielder Magneuris Sierra.","R","R","R","OAK","LAA","B",,,0,1,2022,"1.35","-0.72","2.5","0.57",,,,0,4,"Bot",,,,,545358,,,5.7628460359587566,-108.82067448559897,-1.8204803829409344,9.435830870432895,21.883127672715535,-37.69822993855874,"3.09","1.45",,,,"75.4",2446,"7.1",662316,657053,545358,594838,664058,650859,623205,666176,642423,621493,"53.41",,,,,,,,24,2,"Curveball",0,0,0,0,0,0,0,0,"Standard","Standard",50,"0","0.025"
"SI","2022-08-10","92.6","-1.78","5.23","Toussaint, Touki",657656,657053,,"called_strike",,,,,9,"Ramon Laureano singles on a ground ball to center fielder Magneuris Sierra.","R","R","R","OAK","LAA","S",,,0,0,2022,"-1.44","0.59","0.6","1.62",,,,0,4,"Bot",,,,,545358,,,9.365090154207081,-134.49666015448588,-4.7632310653063,-19.512140782439314,27.559270418352966,-24.188535451355143,"3.11","1.45",,,,"94",2246,"7.1",662316,657053,545358,594838,664058,650859,623205,666176,642423,621493,"53.4",,,,,,,,24,1,"Sinker",0,0,0,0,0,0,0,0,"Standard","Standard",230,"0","-0.034"
"CU","2022-08-10","76","-1.61","5.47","Toussaint, Touki",643393,657053,"field_out","hit_into_play",,,,,13,"Tony Kemp lines out to center fielder Magneuris Sierra.","R","L","R","OAK","LAA","X",8,"line_drive",1,2,2022,"1.22","-0.8","-0.7","1.05",,,,2,3,"Bot",110.64,59.18,,,545358,,,-0.2876734208219916,-110.68226932794742,-0.7334076163848324,10.061042525895651,20.83694533358289,-38.792111664383604,"3.08","1.43",347,"92.1",25,"76.9",2504,"7",662316,657053,545358,594838,664058,650859,623205,666176,642423,621493,"53.51",0.134,0.146,"0",1,0,0,3,20,6,"Curveball",0,0,0,0,0,0,0,0,"Infield shift","Standard",48,"-0.012","-0.07"
"FF","2022-08-10","93.9","-1.77","5.16","Toussaint, Touki",643393,657053,,"ball",,,,,11,"Tony Kemp lines out to center fielder Magneuris Sierra.","R","L","R","OAK","LAA","B",,,0,2,2022,"-0.73","1.29","-0.97","3.37",,,,2,3,"Bot",,,,,545358,,,3.7640401587037733,-136.77211782292963,-1.8447346440040742,-9.96589641786953,28.34349924341076,-15.744070510888443,"3","1.43",,,,"95.6",2286,"7.1",662316,657053,545358,594838,664058,650859,623205,666176,642423,621493,"53.42",,,,,,,,20,5,"4-Seam Fastball",0,0,0,0,0,0,0,0,"Infield shift","Standard",222,"0","0.011"
"FS","2022-08-10","87.5","-1.67","5.15","Toussaint, Touki",643393,657053,,"foul",,,,,7,"Tony Kemp lines out to center fielder Magneuris Sierra.","R","L","R","OAK","LAA","S",,,0,2,2022,"-0.76","0.23","-0.61","1.55",,,,2,3,"Bot",,,,,545358,,,4.212574135103187,-127.42576434103266,-3.120896876121029,-9.151563078680887,23.388302607647915,-29.2912389210403,"3.08","1.43",1,"65.6",-46,"89.7",1702,"7.4",662316,657053,545358,594838,664058,650859,623205,666176,642423,621493,"53.15",,,,,,,,20,4,"Split-Finger",0,0,0,0,0,0,0,0,"Infield shift","Standard",241,"0","0"
"FS","2022-08-10","87.6","-1.64","5.16","Toussaint, Touki",643393,657053,,"foul",,,,,13,"Tony Kemp lines out to center fielder Magneuris Sierra.","R","L","R","OAK","LAA","S",,,0,2,2022,"-0.71","0.05","-0.37","0.91",,,,2,3,"Bot",,,,,545358,,,4.603403204566392,-127.65768326933912,-4.375373425462042,-8.623453945681408,23.171041614662574,-31.010597340087834,"3.08","1.43",,,,"89.6",1589,"7.2",662316,657053,545358,594838,664058,650859,623205,666176,642423,621493,"53.33",,,,,,,,20,3,"Split-Finger",0,0,0,0,0,0,0,0,"Infield shift","Standard",245,"0","0"
"FS","2022-08-10","86.6","-1.78","5.15","Toussaint, Touki",643393,657053,,"foul",,,,,14,"Tony Kemp lines out to center fielder Magneuris Sierra.","R","L","R","OAK","LAA","S",,,0,1,2022,"-0.78","0.14","0.19","1.23",,,,2,3,"Bot",,,,,545358,,,6.37776959194755,-126.08172236278719,-3.574588811109851,-9.495434187490575,22.39049872208366,-30.22872163221822,"3.08","1.43",64,"39.5",24,"88.4",1552,"7.1",662316,657053,545358,594838,664058,650859,623205,666176,642423,621493,"53.37",,,,,,,,20,2,"Split-Finger",0,0,0,0,0,0,0,0,"Infield shift","Standard",234,"0","-0.023"
"CU","2022-08-10","74.6","-1.77","5.57","Toussaint, Touki",643393,657053,,"called_strike",,,,,8,"Tony Kemp lines out to center fielder Magneuris Sierra.","R","L","R","OAK","LAA","S",,,0,0,2022,"1.3","-0.67","-0.24","1.61",,,,2,3,"Bot",,,,,545358,,,0.8716983946107686,-108.69450600914266,0.24088406564679565,10.162654482817665,19.095689565949446,-37.780909480479,"3.08","1.43",,,,"75.6",2427,"7",662316,657053,545358,594838,664058,650859,623205,666176,642423,621493,"53.53",,,,,,,,20,1,"Curveball",0,0,0,0,0,0,0,0,"Infield shift","Standard",51,"0","-0.017"
"FS","2022-08-10","88.1","-1.66","5.15","Toussaint, Touki",670276,657053,"strikeout","foul_tip",,,,,8,"Cal Stevenson strikes out on a foul tip.","R","L","R","OAK","LAA","S",2,,0,2,2022,"-0.54","0.05","0.14","1.65",,,,1,3,"Bot",,,,,545358,,,5.5797469393221535,-128.28510723007312,-2.6036629748859332,-7.043701434084074,22.915010912373184,-31.361973182804952,"3.3","1.5",,,,"90",1657,"7.1",662316,657053,545358,594838,664058,650859,623205,666176,642423,621493,"53.41",,,"0",1,0,0,,19,3,"Split-Finger",0,0,0,0,0,0,0,0,"Infield shift","Standard",236,"-0.017","-0.1"
"FS","2022-08-10","85.9","-1.78","5.13","Toussaint, Touki",670276,657053,,"swinging_strike",,,,,13,"Cal Stevenson strikes out on a foul tip.","R","L","R","OAK","LAA","S",,,0,1,2022,"-0.73","0.16","-0.7","1.31",,,,1,3,"Bot",,,,,545358,,,4.096908094923167,-125.14325392707165,-3.2886463278776494,-8.451259410584353,20.57201733780557,-30.053636765072778,"3.3","1.5",,,,"88",1629,"7.1",662316,657053,545358,594838,664058,650859,623205,666176,642423,621493,"53.4",,,,,,,,19,2,"Split-Finger",0,0,0,0,0,0,0,0,"Infield shift","Standard",237,"0","-0.031"
"FF","2022-08-10","92.8","-1.9","5.08","Toussaint, Touki",670276,657053,,"foul",,,,,1,"Cal Stevenson strikes out on a foul tip.","R","L","R","OAK","LAA","S",,,0,0,2022,"-0.53","0.91","-0.37","3.01",,,,1,3,"Bot",,,,,545358,,,5.118797218057271,-135.226468421876,-1.6052668032757587,-7.4888345360632815,25.975039070219108,-20.766275227718964,"3.3","1.5",,,,"94.6",2227,"7",662316,657053,545358,594838,664058,650859,623205,666176,642423,621493,"53.51",,,,,,,,19,1,"4-Seam Fastball",0,0,0,0,0,0,0,0,"Infield shift","Standard",226,"0","-0.024"
"CU","2022-08-10","76.2","-1.25","5.55","Toussaint, Touki",669397,657053,"strikeout","swinging_strike",,,,,14,"Nick Allen strikes out swinging.","R","R","R","OAK","LAA","S",2,,0,2,2022,"1.21","-0.81","1.08","1.43",,,,0,3,"Bot",,,,,545358,,,2.756631411829102,-110.96119864934245,-0.09711095350670984,9.422787116089385,21.265012006427316,-39.00913848407752,"2.91","1.32",,,,"77.1",2481,"7.1",662316,657053,545358,594838,664058,650859,623205,666176,642423,621493,"53.42",,,"0",1,0,0,,18,3,"Curveball",0,0,0,0,0,0,0,0,"Standard","Standard",51,"-0.025","-0.141"
"CU","2022-08-10","73.8","-1.39","5.61","Toussaint, Touki",669397,657053,,"called_strike",,,,,5,"Nick Allen strikes out swinging.","R","R","R","OAK","LAA","S",,,0,1,2022,"1.06","-0.91","0.16","2.16",,,,0,3,"Bot",,,,,545358,,,1.3096383307454338,-107.29687049023168,2.035702619912069,7.8417745369767795,21.915363481611532,-39.788389712904674,"2.85","1.32",,,,"74",2367,"6.9",662316,657053,545358,594838,664058,650859,623205,666176,642423,621493,"53.61",,,,,,,,18,2,"Curveball",0,0,0,0,0,0,0,0,"Standard","Standard",52,"0","-0.046"
"SI","2022-08-10","92","-1.8","5.14","Toussaint, Touki",669397,657053,,"called_strike",,,,,8,"Nick Allen strikes out swinging.","R","R","R","OAK","LAA","S",,,0,0,2022,"-1.18","0.49","0.25","1.63",,,,0,3,"Bot",,,,,545358,,,7.86815031842672,-133.80151633905322,-4.220029812522836,-15.888609125934282,27.077023401213356,-25.57167942022303,"2.77","1.32",,,,"93.5",2186,"7.1",662316,657053,545358,594838,664058,650859,623205,666176,642423,621493,"53.41",,,,,,,,18,1,"Sinker",0,0,0,0,0,0,0,0,"Standard","Standard",228,"0","-0.034"
"FS","2022-08-10","88.3","-1.59","5.22","Toussaint, Touki",605353,657053,"strikeout","called_strike",,,,,7,"Vimael Machin called out on strikes.","R","L","R","OAK","LAA","S",2,,2,2,2022,"-0.88","0.11","-0.61","1.55",,,,2,2,"Bot",,,,,545358,,,4.329831411823235,-128.7329576968817,-3.240703156698938,-10.680917849140156,22.082062241141838,-30.585706643671905,"3.29","1.61",,,,"90.8",1736,"7.3",662316,657053,545358,594838,664058,650859,623205,666176,642423,621493,"53.16",,,"0",1,0,0,,14,5,"Split-Finger",0,0,0,0,0,0,0,0,"Standard","Standard",238,"-0.011","-0.083"
"FS","2022-08-10","86.1","-1.73","5.17","Toussaint, Touki",605353,657053,,"swinging_strike",,,,,13,"Vimael Machin called out on strikes.","R","L","R","OAK","LAA","S",,,2,1,2022,"-0.99","0.37","-0.69","1.07",,,,2,2,"Bot",,,,,545358,,,4.576057253744864,-125.49449797006633,-4.425232803749283,-11.362611754924442,21.40708065100568,-27.683218975471757,"3.19","1.61",,,,"88.5",1606,"7.3",662316,657053,545358,594838,664058,650859,623205,666176,642423,621493,"53.17",,,,,,,,14,4,"Split-Finger",0,0,0,0,0,0,0,0,"Standard","Standard",236,"0","-0.031"
"CU","2022-08-10","74.8","-1.61","5.47","Toussaint, Touki",605353,657053,,"ball",,,,,14,"Vimael Machin called out on strikes.","R","L","R","OAK","LAA","B",,,1,1,2022,"1.29","-0.85","0.91","2.23",,,,2,2,"Bot",,,,,545358,,,2.9624897615451657,-108.84596541555513,2.1464613243451103,9.569332271181755,21.432838697906153,-39.54461415841606,"3.05","1.61",,,,"75.8",2495,"7.3",662316,657053,545358,594838,664058,650859,623205,666176,642423,621493,"53.22",,,,,,,,14,3,"Curveball",0,0,0,0,0,0,0,0,"Standard","Standard",52,"0","0.021"
"FS","2022-08-10","86.2","-1.71","5.27","Toussaint, Touki",605353,657053,,"ball",,,,,11,"Vimael Machin called out on strikes.","R","L","R","OAK","LAA","B",,,0,1,2022,"-0.96","0.53","-1.29","2.67",,,,2,2,"Bot",,,,,545358,,,3.0231322677029673,-125.6899401373177,-1.1487448138265803,-10.84866976158574,21.60699681128703,-26.467069752110252,"3.11","1.61",,,,"88.2",1534,"7.1",662316,657053,545358,594838,664058,650859,623205,666176,642423,621493,"53.38",,,,,,,,14,2,"Split-Finger",0,0,0,0,0,0,0,0,"Standard","Standard",230,"0","0.011"
"FF","2022-08-10","92.8","-1.99","5.11","Toussaint, Touki",605353,657053,,"called_strike",,,,,1,"Vimael Machin called out on strikes.","R","L","R","OAK","LAA","S",,,0,0,2022,"-0.69","1.25","-0.37","2.63",,,,2,2,"Bot",,,,,545358,,,5.779325383815286,-135.1119766631298,-3.3755407718118384,-9.730511292333446,27.800660107187717,-16.30665940160975,"3.01","1.61",,,,"94.6",2354,"7.2",662316,657053,545358,594838,664058,650859,623205,666176,642423,621493,"53.32",,,,,,,,14,1,"4-Seam Fastball",0,0,0,0,0,0,0,0,"Strategic","Standard",225,"0","-0.017"
"SI","2022-08-10","92.7","-1.75","5.12","Toussaint, Touki",462101,657053,"strikeout","swinging_strike_blocked",,,,,13,"Elvis Andrus strikes out swinging.","R","R","R","OAK","LAA","S",2,,3,2,2022,"-1.31","0.54","-1.11","1.41",,,,1,2,"Bot",,,,,545358,,,4.604854979909563,-134.9958362175395,-4.983741841015651,-17.097331105557032,27.4978541075363,-24.76737405832616,"3.21","1.48",,,,"94.7",2222,"7.3",662316,657053,545358,594838,664058,650859,623205,666176,642423,621493,"53.23",,,"0",1,0,0,,13,6,"Sinker",0,0,0,0,0,0,0,0,"Standard","Standard",227,"-0.016","-0.207"
"CU","2022-08-10","76.2","-1.46","5.54","Toussaint, Touki",462101,657053,,"ball",,,,,14,"Elvis Andrus strikes out swinging.","R","R","R","OAK","LAA","B",,,2,2,2022,"1.09","-0.93","2.09","0.36",,,,1,2,"Bot",,,,,545358,,,5.613413775771651,-110.7982288099259,-2.028307297358373,7.656749473702703,23.085597005765305,-39.588189007924825,"2.96","1.48",,,,"77.1",2384,"7.4",662316,657053,545358,594838,664058,650859,623205,666176,642423,621493,"53.13",,,,,,,,13,5,"Curveball",0,0,0,0,0,0,0,0,"Standard","Standard",45,"0","0.073"
"FS","2022-08-10","87.5","-1.51","5.17","Toussaint, Touki",462101,657053,,"ball",,,,,14,"Elvis Andrus strikes out swinging.","R","R","R","OAK","LAA","B",,,1,2,2022,"-1.06","0.23","1.08","-0.14",,,,1,2,"Bot",,,,,545358,,,8.611350983082067,-127.14928797956729,-7.3178455184468785,-13.164949725406975,23.701197400427706,-28.3792561542019,"3.09","1.48",,,,"89.4",1579,"7.3",662316,657053,545358,594838,664058,650859,623205,666176,642423,621493,"53.17",,,,,,,,13,4,"Split-Finger",0,0,0,0,0,0,0,0,"Standard","Standard",235,"0","0.023"
"CU","2022-08-10","74.4","-1.47","5.59","Toussaint, Touki",462101,657053,,"foul",,,,,7,"Elvis Andrus strikes out swinging.","R","R","R","OAK","LAA","S",,,1,1,2022,"1.17","-0.85","-0.32","1.6",,,,1,2,"Bot",,,,,545358,,,0.3209771345405527,-108.45938983576272,0.5131072829841106,9.168938562511602,18.617348441173515,-39.20151580184635,"3.21","1.48",63,"76.3",4,"75.9",2483,"7.2",662316,657053,545358,594838,664058,650859,623205,666176,642423,621493,"53.26",,,,,,,,13,3,"Curveball",0,0,0,0,0,0,0,0,"Standard","Standard",48,"0","-0.036"
"SI","2022-08-10","90.2","-1.89","5.16","Toussaint, Touki",462101,657053,,"called_strike",,,,,7,"Elvis Andrus strikes out swinging.","R","R","R","OAK","LAA","S",,,1,0,2022,"-1.2","0.76","-0.62","1.95",,,,1,2,"Bot",,,,,545358,,,5.777797575981223,-131.30429576411652,-3.7454239428697824,-15.038305883509585,25.07314756063782,-22.83385578380346,"3.27","1.48",,,,"91.7",2063,"6.9",662316,657053,545358,594838,664058,650859,623205,666176,642423,621493,"53.55",,,,,,,,13,2,"Sinker",0,0,0,0,0,0,0,0,"Standard","Standard",223,"0","-0.031"
"CU","2022-08-10","73.8","-1.46","5.61","Toussaint, Touki",462101,657053,,"ball",,,,,8,"Elvis Andrus strikes out swinging.","R","R","R","OAK","LAA","B",,,0,0,2022,"0.93","-0.73","-0.09","1.45",,,,1,2,"Bot",,,,,545358,,,1.1994337303238902,-107.56518447469124,0.03969475779189713,7.058751590616734,17.57030932152301,-38.10688277191404,"3.25","1.42",,,,"75.2",2401,"7.1",662316,657053,545358,594838,664058,650859,623205,666176,642423,621493,"53.37",,,,,,,,13,1,"Curveball",0,0,0,0,0,0,0,0,"Standard","Standard",46,"0","0.023"
"FS","2022-08-10","87.1","-1.58","5.25","Toussaint, Touki",519390,657053,"field_out","hit_into_play",,,,,8,"Stephen Vogt grounds out to first baseman Phil Gosselin.","R","L","R","OAK","LAA","X",3,"ground_ball",2,2,2022,"-0.95","0.21","-0.13","1.46",,,,0,2,"Bot",160.63,166.16,,,545358,,,5.525271350895554,-126.9050136756338,-3.518822566765847,-11.301783603685038,22.347279215125667,-29.44436252322239,"3.13","1.49",2,"87.3",-34,"89.2",1628,"7.2",662316,657053,545358,594838,664058,650859,623205,666176,642423,621493,"53.29",0.074,0.069,"0",1,0,0,2,12,5,"Split-Finger",0,0,0,0,0,0,0,0,"Infield shift","Standard",242,"-0.023","-0.195"
"FF","2022-08-10","94","-1.81","5.17","Toussaint, Touki",519390,657053,,"foul",,,,,5,"Stephen Vogt grounds out to first baseman Phil Gosselin.","R","L","R","OAK","LAA","S",,,2,1,2022,"-0.84","1.21","0.04","2",,,,0,2,"Bot",,,,,545358,,,6.744104029302479,-136.66476804307538,-5.262743083168724,-11.924573736074883,28.625099854987358,-15.97323840545433,"3.13","1.49",94,"80.6",6,"95.5",2279,"7.1",662316,657053,545358,594838,664058,650859,623205,666176,642423,621493,"53.39",,,,,,,,12,4,"4-Seam Fastball",0,0,0,0,0,0,0,0,"Infield shift","Standard",222,"0","-0.066"
"CU","2022-08-10","74.6","-1.42","5.57","Toussaint, Touki",519390,657053,,"ball",,,,,14,"Stephen Vogt grounds out to first baseman Phil Gosselin.","R","L","R","OAK","LAA","B",,,1,1,2022,"0.94","-0.78","0.03","1.37",,,,0,2,"Bot",,,,,545358,,,1.3371736018642693,-108.64051070506758,-0.012155955066840418,7.17613175338135,20.604551284285172,-38.550354640902796,"3.11","1.49",,,,"75.6",2390,"7.2",662316,657053,545358,594838,664058,650859,623205,666176,642423,621493,"53.33",,,,,,,,12,3,"Curveball",0,0,0,0,0,0,0,0,"Infield shift","Standard",48,"0","0.049"
"FS","2022-08-10","84.9","-1.79","5.26","Toussaint, Touki",519390,657053,,"ball",,,,,11,"Stephen Vogt grounds out to first baseman Phil Gosselin.","R","L","R","OAK","LAA","B",,,0,1,2022,"-0.83","0.3","-1.14","2.48",,,,0,2,"Bot",,,,,545358,,,3.2271459351413143,-123.72487292915604,-0.8739703455098928,-9.118920784377408,21.367145842353914,-29.11770320032188,"3.11","1.49",,,,"86.7",1626,"7",662316,657053,545358,594838,664058,650859,623205,666176,642423,621493,"53.45",,,,,,,,12,2,"Split-Finger",0,0,0,0,0,0,0,0,"Infield shift","Standard",242,"0","0.025"
"CU","2022-08-10","74.3","-1.71","5.66","Toussaint, Touki",519390,657053,,"called_strike",,,,,8,"Stephen Vogt grounds out to first baseman Phil Gosselin.","R","L","R","OAK","LAA","S",,,0,0,2022,"1.15","-0.73","0.12","1.84",,,,0,2,"Bot",,,,,545358,,,1.7514193036486085,-108.21463009591636,0.7589204857846197,8.668281504378895,20.025261405391117,-38.281733389704726,"3.03","1.49",,,,"74.9",2362,"6.8",662316,657053,545358,594838,664058,650859,623205,666176,642423,621493,"53.66",,,,,,,,12,1,"Curveball",0,0,0,0,0,0,0,0,"Infield shift","Standard",49,"0","-0.034"
"SI","2022-08-10","91.6","-1.81","5.23","Toussaint, Touki",669221,657053,"grounded_into_double_play","hit_into_play",,,,,4,"Sean Murphy grounds into a double play, third baseman Luis Rengifo to second baseman David Fletcher to first baseman Phil Gosselin.   Seth Brown out at 2nd.    Sean Murphy out at 1st.","R","R","R","OAK","LAA","X",5,"ground_ball",2,1,2022,"-0.95","0.96","-0.53","2.53",,643393,664913,1,1,"Bot",96.96,164.34,,,545358,,,5.374019744688953,-133.3670613672397,-3.077046190838055,-12.487072199386203,28.358075733279435,-20.2664008307935,"3.44","1.61",55,"81.3",2,"93.1",2320,"7.1",662316,657053,545358,594838,664058,650859,623205,666176,642423,621493,"53.38",0.22,0.205,"0",1,0,0,2,8,4,"Sinker",0,0,0,0,0,0,0,0,"Standard","Standard",215,"-0.085","-0.661"
"SI","2022-08-10","92","-1.96","5.27","Toussaint, Touki",669221,657053,,"swinging_strike",,,,,11,"Sean Murphy grounds into a double play, third baseman Luis Rengifo to second baseman David Fletcher to first baseman Phil Gosselin.   Seth Brown out at 2nd.    Sean Murphy out at 1st.","R","R","R","OAK","LAA","S",,,2,0,2022,"-1.26","0.86","-1.21","2.7",,643393,664913,1,1,"Bot",,,,,545358,,,4.7289962289664835,-133.96902909378758,-2.6196134222968603,-16.249231916747775,28.04776764691194,-21.43182085793068,"3.44","1.61",,,,"93.7",2203,"7.2",662316,657053,545358,594838,664058,650859,623205,666176,642423,621493,"53.32",,,,,,,,8,3,"Sinker",0,0,0,0,0,0,0,0,"Standard","Standard",229,"0","-0.102"
"CU","2022-08-10","74.1","-1.31","5.72","Toussaint, Touki",669221,657053,,"blocked_ball",,,,,14,"Sean Murphy grounds into a double play, third baseman Luis Rengifo to second baseman David Fletcher to first baseman Phil Gosselin.   Seth Brown out at 2nd.    Sean Murphy out at 1st.","R","R","R","OAK","LAA","B",,,1,0,2022,"0.99","-1.12","0.71","0.75",,643393,664913,1,1,"Bot",,,,,545358,,,2.4478075209563714,-107.97860409174432,-0.9231087941629236,7.251091620771437,19.41687202356137,-40.97225031578152,"3.28","1.61",,,,"75.2",2639,"7.1",662316,657053,545358,594838,664058,650859,623205,666176,642423,621493,"53.43",,,,,,,,8,2,"Curveball",0,0,0,0,0,0,0,0,"Standard","Standard",80,"0","0.086"
"SI","2022-08-10","91.3","-1.83","5.28","Toussaint, Touki",669221,657053,,"ball",,,,,13,"Sean Murphy grounds into a double play, third baseman Luis Rengifo to second baseman David Fletcher to first baseman Phil Gosselin.   Seth Brown out at 2nd.    Sean Murphy out at 1st.","R","R","R","OAK","LAA","B",,,0,0,2022,"-0.98","0.89","-1.11","2.11",,643393,664913,1,1,"Bot",,,,,545358,,,3.9532390248129468,-132.99154077628788,-4.154574051604733,-12.438564769955235,24.793893293345807,-20.858908315852855,"3.34","1.61",,,,"92.9",2133,"6.9",662316,657053,545358,594838,664058,650859,623205,666176,642423,621493,"53.63",,,,,,,,8,1,"Sinker",0,0,0,0,0,0,0,0,"Standard","Standard",221,"0","0.063"
"SI","2022-08-10","90.6","-1.82","5.28","Toussaint, Touki",664913,657053,"walk","ball",,,,,13,"Seth Brown walks.   Tony Kemp to 2nd.","R","L","R","OAK","LAA","B",,,3,1,2022,"-1.17","0.76","-1.09","2.35",,,643393,1,1,"Bot",,,,,545358,,,4.3863121734990145,-132.0813936522535,-3.1520162229307647,-14.629083748002444,24.115813368793237,-22.821878833376218,"3.4","1.67",,,,"92.3",2131,"6.9",662316,657053,545358,594838,664058,650859,623205,666176,642423,621493,"53.63",,,"0.7",1,0,0,,7,5,"Sinker",0,0,0,0,0,0,0,0,"Infield shift","Standard",226,"0.035","0.221"
"FS","2022-08-10","83.8","-1.62","5.24","Toussaint, Touki",664913,657053,,"ball",,,,,13,"Seth Brown walks.   Tony Kemp to 2nd.","R","L","R","OAK","LAA","B",,,2,1,2022,"-0.77","0.39","-0.12","1.55",,,643393,1,1,"Bot",,,,,545358,,,5.077227992118409,-122.13504118734599,-3.053554605706992,-8.61832558460062,19.45651992841404,-27.900110517680105,"3.56","1.73",,,,"85.9",1411,"7.1",662316,657053,545358,594838,664058,650859,623205,666176,642423,621493,"53.37",,,,,,,,7,4,"Split-Finger",0,0,0,0,0,0,0,0,"Infield shift","Standard",240,"0","0.102"
"CU","2022-08-10","72.8","-1.47","5.65","Toussaint, Touki",664913,657053,,"foul",,,,,8,"Seth Brown walks.   Tony Kemp to 2nd.","R","L","R","OAK","LAA","S",,,2,0,2022,"1.02","-0.72","-0.24","2.18",,,643393,1,1,"Bot",,,,,545358,,,0.7280625004583321,-106.01894362896637,1.6589594085060133,7.567661805712003,17.43017656764216,-38.13547804342294,"3.48","1.67",60,"79.2",4,"73.7",2357,"6.8",662316,657053,545358,594838,664058,650859,623205,666176,642423,621493,"53.68",,,,,,,,7,3,"Curveball",0,0,0,0,0,0,0,0,"Infield shift","Standard",47,"0","-0.065"
"FF","2022-08-10","91.2","-1.94","5.32","Toussaint, Touki",664913,657053,,"ball",,,,,11,"Seth Brown walks.   Tony Kemp to 2nd.","R","L","R","OAK","LAA","B",,,1,0,2022,"-0.85","1.17","-2.54","2.55",,,643393,1,1,"Bot",,,,,545358,,,0.34402804764022704,-132.8868395978287,-3.666574293966127,-10.206991651199704,26.83814287119263,-17.75097663839223,"3.38","1.67",,,,"92.8",2186,"7",662316,657053,545358,594838,664058,650859,623205,666176,642423,621493,"53.49",,,,,,,,7,2,"4-Seam Fastball",0,0,0,0,0,0,0,0,"Infield shift","Standard",216,"0","0.08"
"CU","2022-08-10","72.8","-1.59","5.72","Toussaint, Touki",664913,657053,,"ball",,,,,13,"Seth Brown walks.   Tony Kemp to 2nd.","R","L","R","OAK","LAA","B",,,0,0,2022,"1.03","-0.98","-2.05","2.44",,,643393,1,1,"Bot",,,,,545358,,,-2.736533981905387,-105.84045577793621,2.605148306010501,8.220744482632242,19.640511063705848,-40.24460836313858,"3.4","1.67",,,,"73.1",2372,"6.8",662316,657053,545358,594838,664058,650859,623205,666176,642423,621493,"53.73",,,,,,,,7,1,"Curveball",0,0,0,0,0,0,0,0,"Infield shift","Standard",53,"0","0.042"
"CU","2022-08-10","74","-1.44","5.76","Toussaint, Touki",657656,657053,"strikeout","swinging_strike",,,,,8,"Ramon Laureano strikes out swinging.","R","R","R","OAK","LAA","S",2,,0,2,2022,"1.06","-0.98","-0.14","1.76",,,643393,0,1,"Bot",,,,,545358,,,0.8054587671022605,-107.73579877861887,0.8960759471373823,8.027800672623735,20.572295445881497,-40.15739188625801,"3.17","1.45",,,,"74.8",2390,"7.1",662316,657053,545358,594838,664058,650859,623205,666176,642423,621493,"53.4",,,"0",1,0,0,,6,3,"Curveball",0,0,0,0,0,0,0,0,"Standard","Standard",48,"-0.033","-0.209"
"SI","2022-08-10","89.8","-1.85","5.3","Toussaint, Touki",657656,657053,,"foul",,,,,8,"Ramon Laureano strikes out swinging.","R","R","R","OAK","LAA","S",,,0,1,2022,"-1.4","0.75","-0.23","1.77",,,643393,0,1,"Bot",,,,,545358,,,7.097918179842628,-130.57004444990883,-4.385459902833671,-17.53408966690694,27.404121937527396,-22.858996715841727,"3.17","1.45",,,,"91",2132,"7.1",662316,657053,545358,594838,664058,650859,623205,666176,642423,621493,"53.43",,,,,,,,6,2,"Sinker",0,0,0,0,0,0,0,0,"Standard","Standard",219,"0","-0.08"
"CU","2022-08-10","73.9","-1.49","5.76","Toussaint, Touki",657656,657053,,"called_strike",,,,,6,"Ramon Laureano strikes out swinging.","R","R","R","OAK","LAA","S",,,0,0,2022,"1.2","-0.88","0.76","2.45",,,643393,0,1,"Bot",,,,,545358,,,2.519078710880441,-107.5365960028145,2.1710695051799833,8.811136213413288,20.310724350817804,-39.60771415110264,"3.03","1.28",,,,"74.7",2405,"7.1",662316,657053,545358,594838,664058,650859,623205,666176,642423,621493,"53.42",,,,,,,,6,1,"Curveball",0,0,0,0,0,0,0,0,"Standard","Standard",52,"0","-0.066"
"SI","2022-08-10","91.6","-1.99","5.23","Toussaint, Touki",643393,657053,"walk","ball",,,,,13,"Tony Kemp walks.","R","L","R","OAK","LAA","B",,,3,1,2022,"-0.97","0.9","-0.4","0.84",,,,0,1,"Bot",,,,,545358,,,6.157401564097519,-133.11559266776158,-7.2318353837369855,-12.83864172559415,27.162245306425294,-20.15585119445836,"2.98","1.43",,,,"92.7",2065,"6.9",662316,657053,545358,594838,664058,650859,623205,666176,642423,621493,"53.62",,,"0.7",1,0,0,,5,5,"Sinker",0,0,0,0,0,0,0,0,"Infield shift","Standard",234,"0.036","0.245"
"SI","2022-08-10","92.3","-1.97","5.26","Toussaint, Touki",643393,657053,,"called_strike",,,,,5,"Tony Kemp walks.","R","L","R","OAK","LAA","S",,,3,0,2022,"-1.01","1.07","0.15","1.9",,,,0,1,"Bot",,,,,545358,,,7.674271773974094,-134.2284931355303,-5.086040221480768,-13.826182053424384,28.420972057837673,-18.364223198886425,"2.88","1.43",,,,"93.2",2158,"6.8",662316,657053,545358,594838,664058,650859,623205,666176,642423,621493,"53.69",,,,,,,,5,4,"Sinker",0,0,0,0,0,0,0,0,"Infield shift","Standard",233,"0","-0.076"
"SI","2022-08-10","90.9","-2.06","5.22","Toussaint, Touki",643393,657053,,"ball",,,,,14,"Tony Kemp walks.","R","L","R","OAK","LAA","B",,,2,0,2022,"-1.3","0.3","0.22","1.13",,,,0,1,"Bot",,,,,545358,,,8.571319278675828,-132.13189905502307,-5.071984442846202,-16.953773300967363,26.246328385179993,-27.77405354850031,"2.96","1.43",,,,"91.9",2131,"6.8",662316,657053,545358,594838,664058,650859,623205,666176,642423,621493,"53.71",,,,,,,,5,3,"Sinker",0,0,0,0,0,0,0,0,"Infield shift","Standard",229,"0","0.134"
"FS","2022-08-10","84.4","-1.91","5.37","Toussaint, Touki",643393,657053,,"ball",,,,,11,"Tony Kemp walks.","R","L","R","OAK","LAA","B",,,1,0,2022,"-0.79","0.17","-1.45","3.33",,,,0,1,"Bot",,,,,545358,,,2.6990600021874016,-123.02664253340647,1.2031992361847645,-8.61014002990719,21.081987082387954,-30.79552273802289,"3.02","1.43",,,,"86.1",1424,"7",662316,657053,545358,594838,664058,650859,623205,666176,642423,621493,"53.54",,,,,,,,5,2,"Split-Finger",0,0,0,0,0,0,0,0,"Infield shift","Standard",241,"0","0.063"
"SI","2022-08-10","90.9","-2.13","5.25","Toussaint, Touki",643393,657053,,"ball",,,,,14,"Tony Kemp walks.","R","L","R","OAK","LAA","B",,,0,0,2022,"-1.25","0.64","0.04","0.91",,,,0,1,"Bot",,,,,545358,,,8.21729859517873,-132.11314982689953,-6.447576013278432,-16.3089137484554,26.03927633912047,-23.51907716316835,"2.96","1.43",,,,"92.2",2207,"7",662316,657053,545358,594838,664058,650859,623205,666176,642423,621493,"53.51",,,,,,,,5,1,"Sinker",0,0,0,0,0,0,0,0,"Infield shift","Standard",223,"0","0.033"
"SI","2022-08-04","91.8","-1.84","5.23","Toussaint, Touki",572039,657053,"strikeout","called_strike",,,,,9,"Stephen Piscotty called out on strikes.","R","R","R","LAA","OAK","S",2,,3,2,2022,"-1.3","0.68","0.66","1.54",,,664913,1,7,"Top",,,,,435559,,,9.253187670549325,-133.24591879078528,-4.9372049790714945,-17.54973645162522,29.550398263525807,-23.197241785196905,"3.45","1.57",,,,"92.6",2036,"7",663374,657053,435559,665120,650859,670351,623205,666176,666160,621493,"53.55",,,"0",1,0,0,,58,8,"Sinker",5,8,8,5,8,5,8,5,"Standard","Standard",232,"0.01","-0.355"
"FS","2022-08-04","83.1","-1.67","5.23","Toussaint, Touki",572039,657053,,"foul",,,,,1,"Stephen Piscotty called out on strikes.","R","R","R","LAA","OAK","S",,,3,2,2022,"-0.72","0.1","-0.4","2.84",,,664913,1,7,"Top",,,,,435559,,,4.388595596142858,-121.0293340073937,0.7581129595870164,-7.9244881852589035,22.109909868155967,-31.502523994733878,"3.33","1.56",172,"63.8",48,"84.6",1302,"7.1",663374,657053,435559,665120,650859,670351,623205,666176,666160,621493,"53.42",,,,,,,,58,7,"Split-Finger",5,8,8,5,8,5,8,5,"Standard","Standard",252,"0","0"
"FS","2022-08-04","83.4","-1.69","5.19","Toussaint, Touki",572039,657053,,"foul",,,,,13,"Stephen Piscotty called out on strikes.","R","R","R","LAA","OAK","S",,,3,2,2022,"-1.31","0.28","-0.57","1.36",,,664913,1,7,"Top",,,,,435559,,,5.224058617177702,-121.31999654248663,-2.943140675449996,-13.924775705178691,24.11853412702622,-29.000484180039162,"3.33","1.56",4,"69",-22,"84.4",1658,"7",663374,657053,435559,665120,650859,670351,623205,666176,666160,621493,"53.5",,,,,,,,58,6,"Split-Finger",5,8,8,5,8,5,8,5,"Standard","Standard",248,"0","0"
"SI","2022-08-04","90.3","-1.74","5.24","Toussaint, Touki",572039,657053,,"ball",,,,,13,"Stephen Piscotty called out on strikes.","R","R","R","LAA","OAK","B",,,2,2,2022,"-1.55","0.45","-0.51","0.83",,,664913,1,7,"Top",,,,,435559,,,6.431312069760376,-131.1762901621937,-5.970162448801632,-19.314873371476352,29.73497996424553,-25.902706949739088,"3.51","1.61",,,,"90.8",2103,"6.9",663374,657053,435559,665120,650859,670351,623205,666176,666160,621493,"53.64",,,,,,,,58,5,"Sinker",5,8,8,5,8,5,8,5,"Standard","Standard",188,"0","0.089"
"SI","2022-08-04","90.1","-1.81","5.2","Toussaint, Touki",572039,657053,,"called_strike",,,,,14,"Stephen Piscotty called out on strikes.","R","R","R","LAA","OAK","S",,,2,1,2022,"-1.37","0.65","1.06","2.2",,,664913,1,7,"Top",,,,,435559,,,10.126310907087566,-130.74185602104342,-2.7970201549897067,-17.96920479149003,29.57525906390644,-24.38072501117563,"3.46","1.63",,,,"90.5",2072,"6.9",663374,657053,435559,665120,650859,670351,623205,666176,666160,621493,"53.62",,,,,,,,58,4,"Sinker",5,8,8,5,8,5,8,5,"Standard","Standard",232,"0","-0.086"
"SI","2022-08-04","90.3","-1.81","5.16","Toussaint, Touki",572039,657053,,"blocked_ball",,,,,14,"Stephen Piscotty called out on strikes.","R","R","R","LAA","OAK","B",,,1,1,2022,"-1.48","0.54","1.27","0.06",,,664913,1,7,"Top",,,,,435559,,,10.898605441255519,-130.8942411447639,-7.917043665679916,-19.29582263223756,28.541675727246965,-24.33089648954571,"3.45","1.64",,,,"90.9",2278,"6.9",663374,657053,435559,665120,650859,670351,623205,666176,666160,621493,"53.56",,,,,,,,58,3,"Sinker",5,8,8,5,8,5,8,5,"Standard","Standard",228,"0","0.073"
"FS","2022-08-04","83.2","-1.71","5.27","Toussaint, Touki",572039,657053,,"swinging_strike",,,,,13,"Stephen Piscotty called out on strikes.","R","R","R","LAA","OAK","S",,,1,0,2022,"-1.12","0.31","-0.53","1.39",,,664913,1,7,"Top",,,,,435559,,,4.977269245231696,-121.05034783148318,-3.0777364581317554,-11.958745057668402,24.501386984494623,-28.675836539219613,"3.33","1.56",,,,"84.1",1703,"7",663374,657053,435559,665120,650859,670351,623205,666176,666160,621493,"53.52",,,,,,,,58,2,"Split-Finger",5,8,8,5,8,5,8,5,"Standard","Standard",244,"0","-0.058"
"SI","2022-08-04","90.3","-1.9","5.26","Toussaint, Touki",572039,657053,,"ball",,,,,14,"Stephen Piscotty called out on strikes.","R","R","R","LAA","OAK","B",,,0,0,2022,"-1.36","0.61","0.79","0.86",,,664913,1,7,"Top",,,,,435559,,,9.674587723007313,-130.9857860961885,-6.333447907031571,-17.707052112615855,27.637229679785396,-23.902550522056284,"3.45","1.57",,,,"91.1",2209,"6.9",663374,657053,435559,665120,650859,670351,623205,666176,666160,621493,"53.57",,,,,,,,58,1,"Sinker",5,8,8,5,8,5,8,5,"Standard","Standard",231,"0","0.042"
"SI","2022-08-04","91.4","-1.87","5.09","Toussaint, Touki",664913,657053,"walk","ball",,,,,14,"Seth Brown walks.","R","L","R","LAA","OAK","B",,,3,2,2022,"-1.2","0.44","1.54","1.29",,,,1,7,"Top",,,,,435559,,,11.293541073942391,-132.6068624175936,-4.659939443808459,-16.60289379922867,28.310261114530253,-26.10387616125631,"3.52","1.64",,,,"92.2",2267,"6.9",663374,657053,435559,665120,650859,670351,623205,666176,666160,621493,"53.6",,,"0.7",1,0,0,,57,6,"Sinker",5,8,8,5,8,5,8,5,"Infield shift","Standard",229,"-0.009","0.212"
"FS","2022-08-04","84.6","-1.74","5.16","Toussaint, Touki",664913,657053,,"swinging_strike",,,,,14,"Seth Brown walks.","R","L","R","LAA","OAK","S",,,3,1,2022,"-1.08","0.07","0.16","0.6",,,,1,7,"Top",,,,,435559,,,6.7016674987022515,-123.10395815204684,-4.5198172032762844,-12.26243763344827,22.905768031100262,-30.744056887693976,"3.47","1.68",,,,"86.1",1675,"7.1",663374,657053,435559,665120,650859,670351,623205,666176,666160,621493,"53.42",,,,,,,,57,5,"Split-Finger",5,8,8,5,8,5,8,5,"Infield shift","Standard",245,"0","-0.049"
"CU","2022-08-04","75.5","-1.66","5.52","Toussaint, Touki",664913,657053,,"ball",,,,,14,"Seth Brown walks.","R","L","R","LAA","OAK","B",,,2,1,2022,"1.33","-0.87","0.22","0.6",,,,1,7,"Top",,,,,435559,,,1.5541807314740197,-109.82804836190266,-1.462280086587379,10.34711739843628,22.51001187482292,-39.0465322424644,"3.43","1.63",,,,"75.8",2380,"6.9",663374,657053,435559,665120,650859,670351,623205,666176,666160,621493,"53.64",,,,,,,,57,4,"Curveball",5,8,8,5,8,5,8,5,"Infield shift","Standard",46,"0","0.075"
"FS","2022-08-04","84.7","-1.88","5.29","Toussaint, Touki",664913,657053,,"ball",,,,,13,"Seth Brown walks.","R","L","R","LAA","OAK","B",,,1,1,2022,"-1.22","0.1","-1.69","2",,,,1,7,"Top",,,,,435559,,,2.9076316066097245,-123.3216648965469,-1.5936417704094008,-13.057431013281358,23.67506743555446,-31.033529513026235,"3.47","1.61",,,,"85.8",1606,"6.9",663374,657053,435559,665120,650859,670351,623205,666176,666160,621493,"53.6",,,,,,,,57,3,"Split-Finger",5,8,8,5,8,5,8,5,"Infield shift","Standard",244,"0","0.033"
"FS","2022-08-04","86.6","-1.86","5.27","Toussaint, Touki",664913,657053,,"ball",,,,,13,"Seth Brown walks.","R","L","R","LAA","OAK","B",,,0,1,2022,"-1.16","0.2","-0.83","0.9",,,,1,7,"Top",,,,,435559,,,4.892907536306162,-125.93227406372422,-4.672652026192363,-13.374952215741796,26.14645927951594,-29.237438935716995,"3.51","1.64",,,,"87.4",1655,"6.9",663374,657053,435559,665120,650859,670351,623205,666176,666160,621493,"53.65",,,,,,,,57,2,"Split-Finger",5,8,8,5,8,5,8,5,"Infield shift","Standard",240,"0","0.016"
"SI","2022-08-04","91.8","-2.02","5.14","Toussaint, Touki",664913,657053,,"foul",,,,,13,"Seth Brown walks.","R","L","R","LAA","OAK","S",,,0,0,2022,"-1.44","0.13","-1.14","1.96",,,,1,7,"Top",,,,,435559,,,5.414469706265659,-133.51260193130787,-2.428590867837533,-18.422180284516713,31.705839922204806,-30.27923282854611,"3.47","1.68",12,"78.3",-7,"92.4",2292,"6.9",663374,657053,435559,665120,650859,670351,623205,666176,666160,621493,"53.59",,,,,,,,57,1,"Sinker",5,8,8,5,8,5,8,5,"Infield shift","Standard",335,"0","-0.024"
"SI","2022-08-04","92","-1.78","5.22","Toussaint, Touki",669221,657053,"strikeout","called_strike",,,,,9,"Sean Murphy called out on strikes.","R","R","R","LAA","OAK","S",2,,3,2,2022,"-1.55","0.26","0.44","1.98",,,,0,7,"Top",,,,,435559,,,9.113630750897649,-133.47017860731805,-2.8317466310514683,-20.615166044928447,34.16488719113547,-28.569453176904503,"3.49","1.69",,,,"92.2",2203,"7",663374,657053,435559,665120,650859,670351,623205,666176,666160,621493,"53.5",,,"0",1,0,0,,56,7,"Sinker",5,8,8,5,8,5,8,5,"Standard","Standard",224,"0.009","-0.299"
"CU","2022-08-04","75.7","-1.24","5.67","Toussaint, Touki",669221,657053,,"ball",,,,,14,"Sean Murphy called out on strikes.","R","R","R","LAA","OAK","B",,,2,2,2022,"0.89","-0.82","1.41","0.78",,,,0,7,"Top",,,,,435559,,,4.014321202873423,-110.10250638807686,-1.5538252284140244,6.394961596951305,21.740863969389714,-38.73934863123797,"3.48","1.57",,,,"76.6",2171,"7.2",663374,657053,435559,665120,650859,670351,623205,666176,666160,621493,"53.26",,,,,,,,56,6,"Curveball",5,8,8,5,8,5,8,5,"Standard","Standard",48,"0","0.103"
"CU","2022-08-04","74.6","-1.36","5.77","Toussaint, Touki",669221,657053,,"ball",,,,,11,"Sean Murphy called out on strikes.","R","R","R","LAA","OAK","B",,,1,2,2022,"1.06","-0.67","-1.1","4.09",,,,0,7,"Top",,,,,435559,,,-1.353865966127348,-108.38121210228445,5.123958540616247,8.51230334929145,21.496814282294157,-38.65095191440256,"3.52","1.53",,,,"75",2163,"7",663374,657053,435559,665120,650859,670351,623205,666176,666160,621493,"53.49",,,,,,,,56,5,"Curveball",5,8,8,5,8,5,8,5,"Standard","Standard",56,"0","0.037"
"CU","2022-08-04","76.3","-1.58","5.64","Toussaint, Touki",669221,657053,,"foul",,,,,7,"Sean Murphy called out on strikes.","R","R","R","LAA","OAK","S",,,1,2,2022,"1.19","-1.14","-0.34","1.9",,,,0,7,"Top",,,,,435559,,,0.4563645610363919,-111.00871353014571,1.376149350901658,9.6065508489001,23.33478688410681,-42.013831350472884,"3.44","1.62",133,"89.9",9,"76.8",2420,"7.1",663374,657053,435559,665120,650859,670351,623205,666176,666160,621493,"53.45",,,,,,,,56,4,"Curveball",5,8,8,5,8,5,8,5,"Standard","Standard",46,"0","0"
"SI","2022-08-04","91.5","-1.94","5.2","Toussaint, Touki",669221,657053,,"swinging_strike",,,,,7,"Sean Murphy called out on strikes.","R","R","R","LAA","OAK","S",,,1,1,2022,"-1.41","0.33","-0.6","1.59",,,,0,7,"Top",,,,,435559,,,6.49587187170513,-133.06398933912945,-3.972661874158408,-18.129547721270217,28.530149094887662,-27.63082685064187,"3.44","1.62",,,,"92.5",2441,"6.9",663374,657053,435559,665120,650859,670351,623205,666176,666160,621493,"53.6",,,,,,,,56,3,"Sinker",5,8,8,5,8,5,8,5,"Standard","Standard",303,"0","-0.054"
"SI","2022-08-04","91.5","-1.87","5.16","Toussaint, Touki",669221,657053,,"ball",,,,,7,"Sean Murphy called out on strikes.","R","R","R","LAA","OAK","B",,,0,1,2022,"-1.38","0.53","-0.6","1.56",,,,0,7,"Top",,,,,435559,,,6.237280916500282,-133.10836466046666,-4.398527576249061,-17.80200679047183,28.618106346008084,-25.09498285938429,"3.53","1.65",,,,"92.3",2209,"6.8",663374,657053,435559,665120,650859,670351,623205,666176,666160,621493,"53.73",,,,,,,,56,2,"Sinker",5,8,8,5,8,5,8,5,"Standard","Standard",232,"0","0.025"
"SI","2022-08-04","91.2","-1.88","5.2","Toussaint, Touki",669221,657053,,"called_strike",,,,,13,"Sean Murphy called out on strikes.","R","R","R","LAA","OAK","S",,,0,0,2022,"-1.27","0.75","-0.22","1.58",,,,0,7,"Top",,,,,435559,,,6.948526873524327,-132.63994794688838,-4.854465726093464,-16.427651598641766,28.67367873390972,-22.4443447514679,"3.54","1.7",,,,"91.8",2232,"6.7",663374,657053,435559,665120,650859,670351,623205,666176,666160,621493,"53.77",,,,,,,,56,1,"Sinker",5,8,8,5,8,5,8,5,"Standard","Standard",294,"0","-0.034"
"CU","2022-08-04","76.6","-1.4","5.57","Toussaint, Touki",657656,657053,"strikeout","swinging_strike_blocked",,,,,14,"Ramon Laureano strikes out swinging.","R","R","R","LAA","OAK","S",2,,0,2,2022,"1.01","-0.97","1.21","0.23",,,,2,6,"Top",,,,,435559,,,3.7185476966628,-111.46224220443817,-2.415524763857635,7.555773014304596,22.895867451198463,-39.944758618802034,"3.18","1.46",,,,"77.1",2480,"7",663374,657053,435559,665120,650859,670351,623205,666176,666160,621493,"53.49",,,"0",1,0,0,,51,3,"Curveball",4,8,8,4,8,4,8,4,"Standard","Standard",45,"0.003","-0.059"
"SI","2022-08-04","92","-1.68","5.33","Toussaint, Touki",657656,657053,,"called_strike",,,,,4,"Ramon Laureano strikes out swinging.","R","R","R","LAA","OAK","S",,,0,1,2022,"-1.37","0.52","-0.71","2.11",,,,2,6,"Top",,,,,435559,,,5.502458701465379,-133.85885978244602,-3.4524892822530187,-17.712405082620354,30.445496576784553,-25.3483182727053,"3.22","1.38",,,,"92.9",2233,"7",663374,657053,435559,665120,650859,670351,623205,666176,666160,621493,"53.53",,,,,,,,51,2,"Sinker",4,8,8,4,8,4,8,4,"Standard","Standard",226,"0","-0.023"
"CU","2022-08-04","75.1","-1.59","5.78","Toussaint, Touki",657656,657053,,"called_strike",,,,,9,"Ramon Laureano strikes out swinging.","R","R","R","LAA","OAK","S",,,0,0,2022,"1.18","-0.95","0.41","1.49",,,,2,6,"Top",,,,,435559,,,2.0394789954175416,-109.27142654775001,0.10071596109398562,8.929808581483053,22.685962133063068,-39.93498891183304,"3.26","1.48",,,,"75.2",2450,"6.8",663374,657053,435559,665120,650859,670351,623205,666176,666160,621493,"53.71",,,,,,,,51,1,"Curveball",4,8,8,4,8,4,8,4,"Standard","Standard",43,"0","-0.017"
"FS","2022-08-04","86.6","-1.88","5.41","Toussaint, Touki",643393,657053,"field_out","hit_into_play",,,,,13,"Tony Kemp pops out to third baseman Jose Rojas in foul territory.","R","L","R","LAA","OAK","X",5,"popup",0,1,2022,"-0.82","0.43","-0.84","1.7",,,,1,6,"Top",71.74,155.04,,,435559,,,4.2042286273681855,-126.05504629833679,-3.557528878618894,-9.559334183706277,25.261710158322845,-27.124051900864327,"3.09","1.43",173,"78.7",65,"87.6",1594,"6.9",663374,657053,435559,665120,650859,670351,623205,666176,666160,621493,"53.63",0.006,0.005,"0",1,0,0,3,50,2,"Split-Finger",4,8,8,4,8,4,8,4,"Infield shift","Standard",238,"0.004","-0.132"
"CU","2022-08-04","73.4","-1.87","5.62","Toussaint, Touki",643393,657053,,"called_strike",,,,,13,"Tony Kemp pops out to third baseman Jose Rojas in foul territory.","R","L","R","LAA","OAK","S",,,0,0,2022,"1.19","-0.88","-0.96","1.49",,,,1,6,"Top",,,,,435559,,,-0.2466230918742634,-106.76628722836087,0.6015710892555093,9.09856268177457,20.66105963610696,-39.22512859043233,"2.96","1.29",,,,"73.7",2297,"6.8",663374,657053,435559,665120,650859,670351,623205,666176,666160,621493,"53.7",,,,,,,,50,1,"Curveball",4,8,8,4,8,4,8,4,"Infield shift","Standard",52,"0","-0.024"
"CU","2022-08-04","73.3","-1.34","5.8","Toussaint, Touki",669397,657053,"field_out","hit_into_play",,,,,6,"Nick Allen bunt grounds out softly, catcher Kurt Suzuki to first baseman Jared Walsh.","R","R","R","LAA","OAK","X",2,"ground_ball",2,1,2022,"0.99","-1.09","0.31","2",,,,0,6,"Top",124.06,201.49,,,435559,,,1.6546079703692396,-106.64684481329792,1.736910442101651,7.077922742841124,22.31052392363838,-40.95092822837698,"2.88","1.31",2,"14",-49,"73.5",2194,"7",663374,657053,435559,665120,650859,670351,623205,666176,666160,621493,"53.55",0.266,0.254,"0",1,0,0,1,49,4,"Curveball",4,8,8,4,8,4,8,4,"Standard","Standard",49,"0.007","0.081"
"CU","2022-08-04","73.3","-1.4","5.75","Toussaint, Touki",669397,657053,,"called_strike",,,,,14,"Nick Allen bunt grounds out softly, catcher Kurt Suzuki to first baseman Jared Walsh.","R","R","R","LAA","OAK","S",,,2,0,2022,"1.21","-0.94","0.85","2.01",,,,0,6,"Top",,,,,435559,,,2.494521607759767,-106.59846554155348,1.5786152663339714,8.543681830177011,22.229289891460827,-39.78445027950473,"3.01","1.37",,,,"73.6",2274,"7",663374,657053,435559,665120,650859,670351,623205,666176,666160,621493,"53.5",,,,,,,,49,3,"Curveball",4,8,8,4,8,4,8,4,"Standard","Standard",40,"0","-0.056"
"SI","2022-08-04","90","-1.89","5.25","Toussaint, Touki",669397,657053,,"ball",,,,,14,"Nick Allen bunt grounds out softly, catcher Kurt Suzuki to first baseman Jared Walsh.","R","R","R","LAA","OAK","B",,,1,0,2022,"-1.46","0.62","1.42","0.58",,,,0,6,"Top",,,,,435559,,,11.388340552981758,-130.26727362684565,-6.848132406842245,-19.1939631464261,30.926657665675673,-23.713850490223447,"2.98","1.39",,,,"90.1",2075,"6.9",663374,657053,435559,665120,650859,670351,623205,666176,666160,621493,"53.56",,,,,,,,49,2,"Sinker",4,8,8,4,8,4,8,4,"Standard","Standard",233,"0","0.063"
"SI","2022-08-04","89","-1.87","5.25","Toussaint, Touki",669397,657053,,"ball",,,,,14,"Nick Allen bunt grounds out softly, catcher Kurt Suzuki to first baseman Jared Walsh.","R","R","R","LAA","OAK","B",,,0,0,2022,"-1.55","0.27","1.06","0.2",,,,0,6,"Top",,,,,435559,,,10.513817212202413,-128.98621911993905,-6.858797221031912,-19.569496144072986,30.746468861602583,-27.732438121559344,"2.96","1.33",,,,"89.1",2151,"6.9",663374,657053,435559,665120,650859,670351,623205,666176,666160,621493,"53.59",,,,,,,,49,1,"Sinker",4,8,8,4,8,4,8,4,"Standard","Standard",225,"0","0.033"
"FS","2022-08-04","84.2","-1.65","5.31","Toussaint, Touki",605353,657053,"grounded_into_double_play","hit_into_play",,,,,7,"Vimael Machin grounds into a double play, second baseman Luis Rengifo to shortstop Andrew Velazquez to first baseman Jared Walsh.   Jonah Bride out at 2nd.    Vimael Machin out at 1st.","R","L","R","LAA","OAK","X",4,"ground_ball",1,1,2022,"-1.01","0.49","-0.81","1.78",,,681146,1,5,"Top",137.79,145.25,,,435559,,,4.025059837617578,-122.52824394014701,-2.786414155078135,-11.018547958977209,25.436034292811346,-26.9297908420146,"3.23","1.62",7,"82.2",-13,"85.2",1574,"7",663374,657053,435559,665120,650859,670351,623205,666176,666160,621493,"53.47",0.114,0.109,"0",1,0,0,2,43,3,"Split-Finger",4,8,8,4,8,4,8,4,"Standard","Standard",241,"0.017","-0.354"
"SI","2022-08-04","89.6","-1.86","5.31","Toussaint, Touki",605353,657053,,"foul",,,,,13,"Vimael Machin grounds into a double play, second baseman Luis Rengifo to shortstop Andrew Velazquez to first baseman Jared Walsh.   Jonah Bride out at 2nd.    Vimael Machin out at 1st.","R","L","R","LAA","OAK","S",,,1,0,2022,"-1.52","0.42","-0.06","1.42",,,681146,1,5,"Top",,,,,435559,,,7.734780467557409,-130.12372670178686,-4.482739906236056,-18.89655555641214,29.690592598635128,-26.618859572808326,"3.23","1.62",2,"85.1",-32,"90.3",2080,"7",663374,657053,435559,665120,650859,670351,623205,666176,666160,621493,"53.49",,,,,,,,43,2,"Sinker",4,8,8,4,8,4,8,4,"Standard","Standard",234,"0","-0.058"
"SI","2022-08-04","89.3","-1.8","5.23","Toussaint, Touki",605353,657053,,"ball",,,,,14,"Vimael Machin grounds into a double play, second baseman Luis Rengifo to shortstop Andrew Velazquez to first baseman Jared Walsh.   Jonah Bride out at 2nd.    Vimael Machin out at 1st.","R","L","R","LAA","OAK","B",,,0,0,2022,"-1.54","0.5","0.74","1.14",,,681146,1,5,"Top",,,,,435559,,,9.603777046700646,-129.57767634008061,-5.034480462627658,-19.47573210649791,30.277782526483907,-25.63082892380224,"3.33","1.68",,,,"89.8",2077,"7",663374,657053,435559,665120,650859,670351,623205,666176,666160,621493,"53.5",,,,,,,,43,1,"Sinker",4,8,8,4,8,4,8,4,"Standard","Standard",223,"0","0.042"
"SI","2022-08-04","90.5","-1.71","5.37","Toussaint, Touki",681146,657053,"walk","ball",,,,,11,"Jonah Bride walks.","R","R","R","LAA","OAK","B",,,3,2,2022,"-1.1","0.6","-1.1","3.93",,,,1,5,"Top",,,,,435559,,,3.938492563575053,-131.67977465379815,1.1349012907464155,-13.674222105748884,29.80104096648359,-25.761049640051326,"3.22","1.46",,,,"91.2",2089,"6.9",663374,657053,435559,665120,650859,670351,623205,666176,666160,621493,"53.61",,,"0.7",1,0,0,,42,6,"Sinker",4,8,8,4,8,4,8,4,"Standard","Standard",210,"-0.008","0.212"
"CU","2022-08-04","75.3","-1.37","5.64","Toussaint, Touki",681146,657053,,"ball",,,,,14,"Jonah Bride walks.","R","R","R","LAA","OAK","B",,,2,2,2022,"0.97","-0.84","0.23","1.25",,,,1,5,"Top",,,,,435559,,,1.6105328423801917,-109.58780185147323,-0.344825614987877,7.3713506663841475,22.949036466490462,-39.02230407303641,"3.18","1.4",,,,"75.7",2251,"7",663374,657053,435559,665120,650859,670351,623205,666176,666160,621493,"53.49",,,,,,,,42,5,"Curveball",4,8,8,4,8,4,8,4,"Standard","Standard",45,"0","0.073"
"CU","2022-08-04","75.7","-1.19","5.68","Toussaint, Touki",681146,657053,,"ball",,,,,14,"Jonah Bride walks.","R","R","R","LAA","OAK","B",,,1,2,2022,"0.86","-1.03","0.76","0.46",,,,1,5,"Top",,,,,435559,,,2.561659146005761,-110.08776779106915,-1.8395648243973954,6.359034886841005,23.0809521104671,-40.299282186271604,"3.19","1.43",,,,"76",2331,"7",663374,657053,435559,665120,650859,670351,623205,666176,666160,621493,"53.51",,,,,,,,42,4,"Curveball",4,8,8,4,8,4,8,4,"Standard","Standard",49,"0","0.023"
"SI","2022-08-04","90.2","-1.91","5.27","Toussaint, Touki",681146,657053,,"called_strike",,,,,8,"Jonah Bride walks.","R","R","R","LAA","OAK","S",,,1,1,2022,"-1.36","0.62","0.14","1.72",,,,1,5,"Top",,,,,435559,,,8.122283796143867,-131.06985079550861,-4.159555406651465,-17.414842830130773,30.120366946662553,-24.323156030396966,"3.27","1.49",,,,"91.1",2163,"7.1",663374,657053,435559,665120,650859,670351,623205,666176,666160,621493,"53.38",,,,,,,,42,3,"Sinker",4,8,8,4,8,4,8,4,"Standard","Standard",225,"0","-0.036"
"CU","2022-08-04","73.7","-1.55","5.74","Toussaint, Touki",681146,657053,,"called_strike",,,,,9,"Jonah Bride walks.","R","R","R","LAA","OAK","S",,,1,0,2022,"1.13","-0.91","0.62","1.82",,,,1,5,"Top",,,,,435559,,,2.4529629487331546,-107.15016365999546,1.0996765962519763,8.02247420531086,22.546185009781773,-39.54456679097564,"3.2","1.44",,,,"73.7",2263,"6.8",663374,657053,435559,665120,650859,670351,623205,666176,666160,621493,"53.69",,,,,,,,42,2,"Curveball",4,8,8,4,8,4,8,4,"Standard","Standard",52,"0","-0.031"
"CU","2022-08-04","74.5","-1.45","5.78","Toussaint, Touki",681146,657053,,"ball",,,,,14,"Jonah Bride walks.","R","R","R","LAA","OAK","B",,,0,0,2022,"0.8","-1","0.87","1.15",,,,1,5,"Top",,,,,435559,,,3.378268073558218,-108.31029162181387,-0.34130716984741194,5.491501116999957,23.07426667450921,-40.13316680498145,"3.19","1.4",,,,"74.5",2240,"6.9",663374,657053,435559,665120,650859,670351,623205,666176,666160,621493,"53.62",,,,,,,,42,1,"Curveball",4,8,8,4,8,4,8,4,"Standard","Standard",50,"0","0.023"
"FS","2022-08-04","83.8","-1.83","5.36","Toussaint, Touki",519390,657053,"field_out","hit_into_play",,,,,13,"Stephen Vogt grounds out, second baseman Luis Rengifo to first baseman Jared Walsh.","R","L","R","LAA","OAK","X",4,"ground_ball",0,1,2022,"-0.97","0.26","-0.2","1.38",,,,0,5,"Top",141.42,155.42,,,435559,,,5.787375121363081,-121.94199583023587,-3.3609549854434606,-10.793871212224639,23.28024702107057,-29.10016123932636,"3.14","1.51",1,"54.3",-59,"85.1",1482,"7.1",663374,657053,435559,665120,650859,670351,623205,666176,666160,621493,"53.44",0.231,0.208,"0",1,0,0,1,41,2,"Split-Finger",4,8,8,4,8,4,8,4,"Infield shift","Standard",235,"0.007","-0.187"
"CU","2022-08-04","73.7","-1.67","5.77","Toussaint, Touki",519390,657053,,"called_strike",,,,,3,"Stephen Vogt grounds out, second baseman Luis Rengifo to first baseman Jared Walsh.","R","L","R","LAA","OAK","S",,,0,0,2022,"1.25","-0.82","0.43","2.62",,,,0,5,"Top",,,,,435559,,,2.0960193277074763,-107.15907512780379,2.4838352657640987,9.093037436449071,21.465281650899957,-39.199172829451555,"3.07","1.38",,,,"73.7",2387,"6.7",663374,657053,435559,665120,650859,670351,623205,666176,666160,621493,"53.83",,,,,,,,41,1,"Curveball",4,8,8,4,8,4,8,4,"Infield shift","Standard",52,"0","-0.034"
"FS","2022-08-04","84.7","-1.6","5.35","Toussaint, Touki",572039,657053,"strikeout","swinging_strike",,,,,13,"Stephen Piscotty strikes out swinging.","R","R","R","LAA","OAK","S",2,,2,2,2022,"-0.83","0.26","-1.92","1.52",,,664913,2,4,"Top",,,,,435559,,,0.916440979815047,-123.42696845920767,-3.1610464486433174,-8.656137494804154,24.710194478345695,-29.133871522203886,"3.33","1.56",,,,"86.1",1501,"7.1",663374,657053,435559,665120,650859,670351,623205,666176,666160,621493,"53.4",,,"0",1,0,0,,36,5,"Split-Finger",3,8,8,3,8,3,8,3,"Standard","Standard",225,"0.005","-0.188"
"CU","2022-08-04","75.4","-1.31","5.66","Toussaint, Touki",572039,657053,,"blocked_ball",,,,,14,"Stephen Piscotty strikes out swinging.","R","R","R","LAA","OAK","B",,,1,2,2022,"1.2","-0.97","1.92","0.53",,,664913,2,4,"Top",,,,,435559,,,4.640518803083533,-109.5704108635813,-1.6127662722327494,8.43541542096012,24.42604941850636,-39.75005845366604,"3.42","1.53",,,,"75.5",2508,"7",663374,657053,435559,665120,650859,670351,623205,666176,666160,621493,"53.47",,,,,,,,36,4,"Curveball",3,8,8,3,8,3,8,3,"Standard","Standard",48,"0","0.029"
"FS","2022-08-04","84.9","-1.57","5.42","Toussaint, Touki",572039,657053,,"foul",,,,,7,"Stephen Piscotty strikes out swinging.","R","R","R","LAA","OAK","S",,,1,1,2022,"-0.71","0.36","-0.51","1.7",,,664913,2,4,"Top",,,,,435559,,,3.950079418109625,-123.66838883409063,-3.17742954965353,-8.034561238654875,23.582310785766715,-28.070318227480627,"3.33","1.56",9,"77.5",-10,"86.5",1602,"7.1",663374,657053,435559,665120,650859,670351,623205,666176,666160,621493,"53.36",,,,,,,,36,3,"Split-Finger",3,8,8,3,8,3,8,3,"Standard","Standard",227,"0","-0.051"
"CU","2022-08-04","74.4","-1.59","5.62","Toussaint, Touki",572039,657053,,"swinging_strike",,,,,9,"Stephen Piscotty strikes out swinging.","R","R","R","LAA","OAK","S",,,1,0,2022,"0.94","-0.92","0.64","1.54",,,664913,2,4,"Top",,,,,435559,,,2.960348894415051,-108.1731366387086,0.6715803452435312,6.614447761073535,22.880069038112936,-39.67959530653433,"3.33","1.56",,,,"74.9",2247,"7.2",663374,657053,435559,665120,650859,670351,623205,666176,666160,621493,"53.3",,,,,,,,36,2,"Curveball",3,8,8,3,8,3,8,3,"Standard","Standard",55,"0","-0.041"
"CU","2022-08-04","73.1","-1.51","5.68","Toussaint, Touki",572039,657053,,"ball",,,,,13,"Stephen Piscotty strikes out swinging.","R","R","R","LAA","OAK","B",,,0,0,2022,"0.99","-0.96","-1.88","1.79",,,664913,2,4,"Top",,,,,435559,,,-2.4741092387918986,-106.32221383857454,1.2713014093180086,7.907229965811312,19.982083492999337,-39.8818528503388,"3.45","1.55",,,,"73.6",2260,"6.9",663374,657053,435559,665120,650859,670351,623205,666176,666160,621493,"53.62",,,,,,,,36,1,"Curveball",3,8,8,3,8,3,8,3,"Standard","Standard",44,"0","0.032"
"FS","2022-08-04","85.6","-1.77","5.24","Toussaint, Touki",664913,657053,"walk","ball",,,,,13,"Seth Brown walks.","R","L","R","LAA","OAK","B",,,3,1,2022,"-1.14","0.1","-0.81","0.48",,,,2,4,"Top",,,,,435559,,,4.621987295287951,-124.54241039213959,-5.261221611549727,-12.750369142523112,22.954047450982255,-30.356110436642584,"3.52","1.58",,,,"87.2",1600,"7.1",663374,657053,435559,665120,650859,670351,623205,666176,666160,621493,"53.39",,,"0.7",1,0,0,,35,5,"Split-Finger",3,8,8,3,8,3,8,3,"Infield shift","Standard",240,"-0.003","0.065"
"SI","2022-08-04","90.3","-1.71","5.18","Toussaint, Touki",664913,657053,,"ball",,,,,14,"Seth Brown walks.","R","L","R","LAA","OAK","B",,,2,1,2022,"-1.18","0.61","1.12","2.02",,,,2,4,"Top",,,,,435559,,,9.729630307851725,-131.10232228734046,-3.1834654991466858,-15.697816830398084,29.227834982326872,-24.655165662147613,"3.5","1.59",,,,"91.4",2158,"7.2",663374,657053,435559,665120,650859,670351,623205,666176,666160,621493,"53.28",,,,,,,,35,4,"Sinker",3,8,8,3,8,3,8,3,"Infield shift","Standard",230,"0","0.039"
"FS","2022-08-04","85.1","-1.71","5.32","Toussaint, Touki",664913,657053,,"swinging_strike",,,,,14,"Seth Brown walks.","R","L","R","LAA","OAK","S",,,2,0,2022,"-0.76","0.28","0.46","1.04",,,,2,4,"Top",,,,,435559,,,6.706743908218505,-123.89943104436138,-4.447857077570539,-9.051938355284648,21.671567903054235,-28.623850571384278,"3.47","1.68",,,,"86.8",1630,"7.1",663374,657053,435559,665120,650859,670351,623205,666176,666160,621493,"53.42",,,,,,,,35,3,"Split-Finger",3,8,8,3,8,3,8,3,"Infield shift","Standard",241,"0","-0.023"
"FS","2022-08-04","86","-1.94","5.28","Toussaint, Touki",664913,657053,,"ball",,,,,11,"Seth Brown walks.","R","L","R","LAA","OAK","B",,,1,0,2022,"-0.73","0.51","-1.7","3.2",,,,2,4,"Top",,,,,435559,,,2.0696312996154447,-125.29814514377917,0.27045870865913535,-8.089896453144508,24.212812028721036,-27.027787988689703,"3.56","1.59",,,,"87.5",1607,"7.1",663374,657053,435559,665120,650859,670351,623205,666176,666160,621493,"53.43",,,,,,,,35,2,"Split-Finger",3,8,8,3,8,3,8,3,"Infield shift","Standard",233,"0","0.023"
"SI","2022-08-04","91.4","-1.94","5.28","Toussaint, Touki",664913,657053,,"ball",,,,,13,"Seth Brown walks.","R","L","R","LAA","OAK","B",,,0,0,2022,"-1.15","0.88","-1.6","2.52",,,,2,4,"Top",,,,,435559,,,3.390135494014571,-133.05357583547683,-2.975898289057577,-14.379241480547671,30.346549436829168,-21.279475624330093,"3.55","1.76",,,,"92.3",2197,"7",663374,657053,435559,665120,650859,670351,623205,666176,666160,621493,"53.54",,,,,,,,35,1,"Sinker",3,8,8,3,8,3,8,3,"Infield shift","Standard",224,"0","0.015"
"CU","2022-08-04","75.5","-1.52","5.61","Toussaint, Touki",669221,657053,"strikeout","swinging_strike",,,,,14,"Sean Murphy strikes out swinging.","R","R","R","LAA","OAK","S",2,,3,2,2022,"1.18","-0.92","0.85","1.1",,,,1,4,"Top",,,,,435559,,,2.8702431166830125,-109.87938273951073,-0.547453093871376,8.923850508526671,21.46311960587716,-39.69693312931631,"3.44","1.62",,,,"76.3",2376,"7.1",663374,657053,435559,665120,650859,670351,623205,666176,666160,621493,"53.43",,,"0",1,0,0,,34,6,"Curveball",3,8,8,3,8,3,8,3,"Standard","Standard",50,"0.004","-0.207"
"SI","2022-08-04","91.5","-1.73","5.23","Toussaint, Touki",669221,657053,,"called_strike",,,,,8,"Sean Murphy strikes out swinging.","R","R","R","LAA","OAK","S",,,3,1,2022,"-1.35","0.72","0.27","1.81",,,,1,4,"Top",,,,,435559,,,8.066194770092105,-132.95887618074275,-4.2901493996584,-17.826741838487923,30.42889291020163,-22.908403746050567,"3.57","1.67",,,,"92.3",2171,"7",663374,657053,435559,665120,650859,670351,623205,666176,666160,621493,"53.53",,,,,,,,34,5,"Sinker",3,8,8,3,8,3,8,3,"Standard","Standard",230,"0","-0.049"
"FS","2022-08-04","86.4","-1.6","5.3","Toussaint, Touki",669221,657053,,"ball",,,,,13,"Sean Murphy strikes out swinging.","R","R","R","LAA","OAK","B",,,2,1,2022,"-0.71","0.33","-0.29","1.19",,,,1,4,"Top",,,,,435559,,,4.639477010044704,-125.84449297017628,-4.33645265305417,-8.433181292163471,24.19280620924768,-28.038331523491138,"3.54","1.63",,,,"88",1643,"7.1",663374,657053,435559,665120,650859,670351,623205,666176,666160,621493,"53.4",,,,,,,,34,4,"Split-Finger",3,8,8,3,8,3,8,3,"Standard","Standard",237,"0","0.075"
"SI","2022-08-04","91.9","-1.91","5.31","Toussaint, Touki",669221,657053,,"ball",,,,,11,"Sean Murphy strikes out swinging.","R","R","R","LAA","OAK","B",,,1,1,2022,"-1.2","0.61","-1.38","2.73",,,,1,4,"Top",,,,,435559,,,4.003543071890179,-133.7457923875338,-1.9712072965555838,-15.23760215326625,31.207848536823306,-24.671640381353967,"3.6","1.67",,,,"92.9",2199,"7.1",663374,657053,435559,665120,650859,670351,623205,666176,666160,621493,"53.45",,,,,,,,34,3,"Sinker",3,8,8,3,8,3,8,3,"Standard","Standard",221,"0","0.033"
"CU","2022-08-04","74.3","-1.49","5.72","Toussaint, Touki",669221,657053,,"called_strike",,,,,7,"Sean Murphy strikes out swinging.","R","R","R","LAA","OAK","S",,,1,0,2022,"1.12","-1.05","-0.41","2.13",,,,1,4,"Top",,,,,435559,,,0.24308753068264616,-108.17594233976071,1.8233309747251012,8.663123003175805,20.72227028272454,-40.96195384324369,"3.51","1.57",,,,"75.1",2413,"7.1",663374,657053,435559,665120,650859,670351,623205,666176,666160,621493,"53.42",,,,,,,,34,2,"Curveball",3,8,8,3,8,3,8,3,"Standard","Standard",50,"0","-0.031"
"CU","2022-08-04","76.1","-1.64","5.68","Toussaint, Touki",669221,657053,,"ball",,,,,14,"Sean Murphy strikes out swinging.","R","R","R","LAA","OAK","B",,,0,0,2022,"1.02","-1.02","1.51","0.44",,,,1,4,"Top",,,,,435559,,,4.833231741759205,-110.66538107037042,-1.9945604291270729,7.3393656866481765,22.393743911191564,-40.333766480525135,"3.52","1.61",,,,"76.6",2524,"7",663374,657053,435559,665120,650859,670351,623205,666176,666160,621493,"53.48",,,,,,,,34,1,"Curveball",3,8,8,3,8,3,8,3,"Standard","Standard",45,"0","0.023"
"SI","2022-08-04","90.7","-1.9","5.3","Toussaint, Touki",657656,657053,"home_run","hit_into_play",,,,,2,"Ramon Laureano homers (12) on a fly ball to center field.   Tony Kemp scores.","R","R","R","LAA","OAK","X",,"fly_ball",3,1,2022,"-1.13","0.39","0.07","3",,643393,,1,4,"Top",132.75,19.77,,,435559,,,7.453436997214338,-131.84430109597432,-0.570768286617263,-14.823966067824767,31.60625639107833,-27.73475650945872,"3.18","1.46",403,"101.4",34,"91.3",2160,"7",663374,657053,435559,665120,650859,670351,623205,666176,666160,621493,"53.49",0.429,0.848,"2",1,0,3,6,33,5,"Sinker",3,6,6,3,8,3,8,3,"Standard","Standard",221,"-0.088","1.487"
"SI","2022-08-04","92.3","-1.81","5.28","Toussaint, Touki",657656,657053,,"called_strike",,,,,8,"Ramon Laureano homers (12) on a fly ball to center field.   Tony Kemp scores.","R","R","R","LAA","OAK","S",,,3,0,2022,"-1.29","0.51","0.11","1.55",,643393,,1,4,"Top",,,,,435559,,,7.803798799182648,-134.1225220290575,-4.77149774807792,-17.314893572052764,32.33789585519232,-25.13009759693239,"3.26","1.5",,,,"93",2218,"7",663374,657053,435559,665120,650859,670351,623205,666176,666160,621493,"53.46",,,,,,,,33,4,"Sinker",3,6,6,3,6,3,6,3,"Standard","Standard",225,"0","-0.083"
"SI","2022-08-04","90.1","-1.97","5.29","Toussaint, Touki",657656,657053,,"ball",,,,,13,"Ramon Laureano homers (12) on a fly ball to center field.   Tony Kemp scores.","R","R","R","LAA","OAK","B",,,2,0,2022,"-1.49","0.48","-2.33","1.7",,,643393,1,4,"Top",,,,,435559,,,2.2845066552163966,-131.04388594176635,-3.949114992143661,-17.57106567457937,30.762005459813512,-26.022457464387468,"3.19","1.4",,,,"90.6",2142,"6.9",663374,657053,435559,665120,650859,670351,623205,666176,666160,621493,"53.65",,,,,,,,33,3,"Sinker",3,6,6,3,6,3,6,3,"Standard","Standard",230,"-0.01","0.108"
"CU","2022-08-04","73.7","-1.54","5.7","Toussaint, Touki",657656,657053,,"ball",,,,,14,"Ramon Laureano homers (12) on a fly ball to center field.   Tony Kemp scores.","R","R","R","LAA","OAK","B",,,1,0,2022,"1.11","-0.99","0.67","1.09",,,643393,1,4,"Top",,,,,435559,,,2.5822222351307302,-107.26219246225767,-0.20620463029426905,7.899654800594539,21.856430728544204,-39.94834823680441,"3.21","1.5",,,,"73.9",2373,"6.8",663374,657053,435559,665120,650859,670351,623205,666176,666160,621493,"53.69",,,,,,,,33,2,"Curveball",3,6,6,3,6,3,6,3,"Standard","Standard",50,"0","0.08"
"SI","2022-08-04","90.9","-1.82","5.27","Toussaint, Touki",657656,657053,,"ball",,,,,14,"Ramon Laureano homers (12) on a fly ball to center field.   Tony Kemp scores.","R","R","R","LAA","OAK","B",,,0,0,2022,"-1.23","0.55","1.32","1.58",,,643393,1,4,"Top",,,,,435559,,,10.61913022177295,-131.80085567652733,-4.444846116337797,-16.795697939263395,31.457953128011344,-24.913735025233745,"3.24","1.54",,,,"91.3",2253,"7",663374,657053,435559,665120,650859,670351,623205,666176,666160,621493,"53.47",,,,,,,,33,1,"Sinker",3,6,6,3,6,3,6,3,"Standard","Standard",225,"0","0.042"
"SI","2022-08-04","92.8","-2.2","5.2","Toussaint, Touki",643393,657053,"single","hit_into_play",,,,,7,"Tony Kemp singles on a soft bunt ground ball to pitcher Touki Toussaint.","R","L","R","LAA","OAK","X",1,"ground_ball",0,0,2022,"-1.55","0.44","-0.71","1.42",,,,1,4,"Top",131.32,195.46,,,435559,,,7.298052546568506,-134.83308710444885,-4.809992852451406,-20.52493624943621,33.22513517929341,-25.848719373379893,"3.09","1.43",9,"19.5",0,"93.3",2232,"7",663374,657053,435559,665120,650859,670351,623205,666176,666160,621493,"53.51",0.263,0.272,"0.9",1,1,0,1,32,1,"Sinker",3,6,6,3,6,3,6,3,"Infield shift","Standard",224,"-0.013","0.056"
"SI","2022-08-04","90.8","-1.84","5.29","Toussaint, Touki",669397,657053,"field_out","hit_into_play",,,,,11,"Nick Allen grounds out, third baseman Jose Rojas to first baseman Jared Walsh.","R","R","R","LAA","OAK","X",5,"ground_ball",3,1,2022,"-1.3","0.47","-0.89","2.75",,,,0,4,"Top",87.89,159.06,,,435559,,,5.237247101566888,-132.09029883251708,-1.4310630141519352,-16.38724635968935,29.23346285755971,-26.575525568107064,"2.88","1.31",14,"94.9",-11,"91.7",2067,"6.9",663374,657053,435559,665120,650859,670351,623205,666176,666160,621493,"53.58",0.171,0.154,"0",1,0,0,2,31,5,"Sinker",3,6,6,3,6,3,6,3,"Standard","Standard",223,"0.012","-0.375"
"SI","2022-08-04","91.2","-1.97","5.2","Toussaint, Touki",669397,657053,,"ball",,,,,13,"Nick Allen grounds out, third baseman Jose Rojas to first baseman Jared Walsh.","R","R","R","LAA","OAK","B",,,2,1,2022,"-1.51","0.24","-0.07","0.72",,,,0,4,"Top",,,,,435559,,,8.110819235247414,-132.47759175439,-5.879320096021459,-19.54720397485234,30.178520608239424,-28.223820921590267,"3.01","1.38",,,,"91.8",2088,"6.9",663374,657053,435559,665120,650859,670351,623205,666176,666160,621493,"53.6",,,,,,,,31,4,"Sinker",3,6,6,3,6,3,6,3,"Standard","Standard",284,"0","0.114"
"SI","2022-08-04","92.1","-1.98","5.24","Toussaint, Touki",669397,657053,,"called_strike",,,,,13,"Nick Allen grounds out, third baseman Jose Rojas to first baseman Jared Walsh.","R","R","R","LAA","OAK","S",,,2,0,2022,"-1.28","0.62","-0.83","1.74",,,,0,4,"Top",,,,,435559,,,5.739197658612074,-133.97029660999928,-4.427940376181181,-16.603590085085532,28.574119377660182,-23.94055210082994,"3.02","1.45",,,,"93.2",2113,"6.9",663374,657053,435559,665120,650859,670351,623205,666176,666160,621493,"53.59",,,,,,,,31,3,"Sinker",3,6,6,3,6,3,6,3,"Standard","Standard",229,"0","-0.056"
"SI","2022-08-04","92.2","-1.79","5.36","Toussaint, Touki",669397,657053,,"ball",,,,,14,"Nick Allen grounds out, third baseman Jose Rojas to first baseman Jared Walsh.","R","R","R","LAA","OAK","B",,,1,0,2022,"-1.12","0.71","0.78","0.65",,,,0,4,"Top",,,,,435559,,,9.093898087420998,-133.92061525100212,-7.815491315556692,-15.410782609178513,26.39418625447265,-22.193976327980458,"2.96","1.28",,,,"93.6",2207,"7",663374,657053,435559,665120,650859,670351,623205,666176,666160,621493,"53.49",,,,,,,,31,2,"Sinker",3,6,6,3,6,3,6,3,"Standard","Standard",226,"0","0.063"
"SI","2022-08-04","91.1","-1.87","5.34","Toussaint, Touki",669397,657053,,"ball",,,,,14,"Nick Allen grounds out, third baseman Jose Rojas to first baseman Jared Walsh.","R","R","R","LAA","OAK","B",,,0,0,2022,"-1.2","0.61","1.09","1.05",,,,0,4,"Top",,,,,435559,,,10.11193381127772,-132.26113074371005,-6.2599214098986335,-16.188838210204178,25.57349877065227,-23.922621791812098,"2.95","1.32",,,,"92.2",2180,"6.9",663374,657053,435559,665120,650859,670351,623205,666176,666160,621493,"53.64",,,,,,,,31,1,"Sinker",3,6,6,3,6,3,6,3,"Standard","Standard",228,"0","0.033"
"FF","2022-08-04","91.5","-1.93","5.3","Toussaint, Touki",605353,657053,"field_out","hit_into_play",,,,,9,"Vimael Machin lines out to first baseman Jared Walsh.","R","L","R","LAA","OAK","X",3,"line_drive",1,0,2022,"-0.59","1.17","0.32","1.99",,519390,681146,2,3,"Top",163.68,160.71,,,435559,,,7.026917971231109,-132.95171088940157,-5.001456321385921,-8.532600128448038,30.016276702954883,-17.460984129710173,"3.23","1.62",130,"108.2",6,"92.3",2146,"7",663374,657053,435559,665120,650859,670351,623205,666176,666160,621493,"53.52",0.634,0.59,"0",1,0,0,4,26,2,"4-Seam Fastball",2,6,6,2,6,2,6,2,"Standard","Standard",225,"0.018","-0.499"
"SI","2022-08-04","92.5","-2.01","5.23","Toussaint, Touki",605353,657053,,"ball",,,,,14,"Vimael Machin lines out to first baseman Jared Walsh.","R","L","R","LAA","OAK","B",,,0,0,2022,"-1.52","0.3","1.77","0.99",,519390,681146,2,3,"Top",,,,,435559,,,13.10685215609685,-133.91824165989547,-5.610185982729874,-21.329319474532873,32.020306305398876,-27.40543362435708,"3.33","1.55",,,,"93",2295,"7.1",663374,657053,435559,665120,650859,670351,623205,666176,666160,621493,"53.4",,,,,,,,26,1,"Sinker",2,6,6,2,6,2,6,2,"Standard","Standard",233,"0","0.054"
"FS","2022-08-04","85.8","-1.85","5.29","Toussaint, Touki",681146,657053,"walk","ball",,,,,13,"Jonah Bride walks.","R","R","R","LAA","OAK","B",,,3,2,2022,"-0.71","0.09","-1.45","1.29",,519390,,2,3,"Top",,,,,435559,,,2.407024735395415,-124.9269109584807,-3.425920887812456,-7.887997374995818,25.149800689769734,-30.79267105604566,"3.22","1.37",,,,"87",1422,"7",663374,657053,435559,665120,650859,670351,623205,666176,666160,621493,"53.48",,,"0.7",1,0,0,,25,6,"Split-Finger",2,6,6,2,6,2,6,2,"Standard","Standard",247,"-0.003","0.141"
"SI","2022-08-04","91.9","-2","5.27","Toussaint, Touki",681146,657053,,"swinging_strike",,,,,13,"Jonah Bride walks.","R","R","R","LAA","OAK","S",,,3,1,2022,"-1.45","0.13","-0.32","1.16",,,519390,2,3,"Top",,,,,435559,,,7.4844356201698625,-133.4001549057611,-4.7592521436279025,-18.956685674364305,33.963159145017826,-29.665731068890825,"3.15","1.44",,,,"92",2174,"6.9",663374,657053,435559,665120,650859,670351,623205,666176,666160,621493,"53.59",,,,,,,,25,5,"Sinker",2,6,6,2,6,2,6,2,"Standard","Standard",228,"-0.005","-0.049"
"SI","2022-08-04","92","-1.99","5.33","Toussaint, Touki",681146,657053,,"called_strike",,,,,11,"Jonah Bride walks.","R","R","R","LAA","OAK","S",,,3,0,2022,"-1.22","0.63","-0.92","2.7",,,519390,2,3,"Top",,,,,435559,,,5.429430127102304,-133.80925844049946,-2.143506846069823,-15.845344756728437,32.677457395483124,-24.378059461372633,"3.23","1.57",,,,"92.4",2008,"6.9",663374,657053,435559,665120,650859,670351,623205,666176,666160,621493,"53.64",,,,,,,,25,4,"Sinker",2,6,6,2,6,2,6,2,"Standard","Standard",229,"0","-0.057"
"SI","2022-08-04","91.7","-1.99","5.24","Toussaint, Touki",681146,657053,,"blocked_ball",,,,,14,"Jonah Bride walks.","R","R","R","LAA","OAK","B",,,2,0,2022,"-1.36","0.37","1.67","0.55",,,519390,2,3,"Top",,,,,435559,,,12.327399573487671,-132.76765731926406,-6.7665379855661865,-18.893417890959224,31.402378052860193,-26.342626813624175,"3.36","1.57",,,,"92.2",2081,"7.1",663374,657053,435559,665120,650859,670351,623205,666176,666160,621493,"53.37",,,,,,,,25,3,"Sinker",2,6,6,2,6,2,6,2,"Standard","Standard",236,"0","0.068"
"SI","2022-08-04","91.2","-2.04","5.18","Toussaint, Touki",681146,657053,,"blocked_ball",,,,,14,"Jonah Bride walks.","R","R","R","LAA","OAK","B",,,1,0,2022,"-1.33","0.28","0.12","-0.18",,,519390,2,3,"Top",,,,,435559,,,8.407933994266877,-132.250413829589,-8.126474708459064,-17.558212258267037,32.695981468070826,-27.10279216396632,"3.36","1.54",,,,"91.4",2105,"7",663374,657053,435559,665120,650859,670351,623205,666176,666160,621493,"53.53",,,,,,,,25,2,"Sinker",2,6,6,2,6,2,6,2,"Standard","Standard",228,"0","0.044"
"SI","2022-08-04","92.1","-1.89","5.26","Toussaint, Touki",681146,657053,,"ball",,,,,14,"Jonah Bride walks.","R","R","R","LAA","OAK","B",,,0,0,2022,"-1.21","0.49","0.86","1.86",,,519390,2,3,"Top",,,,,435559,,,9.73874794952681,-133.58366521053836,-3.818381164452587,-16.722225583147615,32.42089860205678,-25.607222411707838,"3.29","1.5",,,,"92.7",2259,"7.1",663374,657053,435559,665120,650859,670351,623205,666176,666160,621493,"53.4",,,,,,,,25,1,"Sinker",2,6,6,2,6,2,6,2,"Standard","Standard",220,"0","0.032"
"SI","2022-08-04","91.6","-2.1","5.18","Toussaint, Touki",519390,657053,"walk","ball",,,,,13,"Stephen Vogt walks.","R","L","R","LAA","OAK","B",,,3,1,2022,"-1.53","0.11","-0.96","0.74",,,,2,3,"Top",,,,,435559,,,6.2534093523997125,-133.15332804846045,-5.598478875348167,-19.52228730368662,30.378428803556073,-29.75703289004115,"3.14","1.5",,,,"92.3",2187,"6.9",663374,657053,435559,665120,650859,670351,623205,666176,666160,621493,"53.57",,,"0.7",1,0,0,,24,5,"Sinker",2,6,6,2,6,2,6,2,"Infield shift","Standard",225,"-0.005","0.065"
"CU","2022-08-04","73.5","-1.67","5.7","Toussaint, Touki",519390,657053,,"ball",,,,,14,"Stephen Vogt walks.","R","L","R","LAA","OAK","B",,,2,1,2022,"1.05","-0.95","0.18","1.02",,,,2,3,"Top",,,,,435559,,,1.9599289055796414,-106.9582562182196,-0.40687126693396913,7.579419994378435,21.18267566936588,-39.5560207412334,"3.15","1.47",,,,"73.9",2339,"6.9",663374,657053,435559,665120,650859,670351,623205,666176,666160,621493,"53.6",,,,,,,,24,4,"Curveball",2,6,6,2,6,2,6,2,"Infield shift","Standard",49,"0","0.039"
"SI","2022-08-04","90.8","-2.09","5.18","Toussaint, Touki",519390,657053,,"swinging_strike",,,,,13,"Stephen Vogt walks.","R","L","R","LAA","OAK","S",,,2,0,2022,"-1.43","0.33","-0.64","1.11",,,,2,3,"Top",,,,,435559,,,6.774534004672012,-131.98886277337039,-4.992138567072973,-18.14143177606416,30.2773498617694,-27.357470985918432,"3.14","1.51",,,,"91.5",2096,"6.9",663374,657053,435559,665120,650859,670351,623205,666176,666160,621493,"53.58",,,,,,,,24,3,"Sinker",2,6,6,2,6,2,6,2,"Infield shift","Standard",228,"0","-0.023"
"FS","2022-08-04","84.5","-2.01","5.34","Toussaint, Touki",519390,657053,,"ball",,,,,13,"Stephen Vogt walks.","R","L","R","LAA","OAK","B",,,1,0,2022,"-0.86","0.12","-1.25","1.69",,,,2,3,"Top",,,,,435559,,,3.530710963193011,-123.13721520389547,-2.4590142826151737,-9.491056375653361,22.850615575956432,-30.63779492761996,"3.13","1.48",,,,"85.6",1592,"6.8",663374,657053,435559,665120,650859,670351,623205,666176,666160,621493,"53.74",,,,,,,,24,2,"Split-Finger",2,6,6,2,6,2,6,2,"Infield shift","Standard",239,"0","0.023"
"SI","2022-08-04","91.5","-2.19","5.25","Toussaint, Touki",519390,657053,,"ball",,,,,13,"Stephen Vogt walks.","R","L","R","LAA","OAK","B",,,0,0,2022,"-1.39","0.36","-1.38","2.18",,,,2,3,"Top",,,,,435559,,,5.0543894326284935,-133.13072984244047,-2.6131555085485685,-17.542096286265906,31.63553432451362,-27.55870610103299,"3.21","1.47",,,,"91.6",2131,"6.6",663374,657053,435559,665120,650859,670351,623205,666176,666160,621493,"53.9",,,,,,,,24,1,"Sinker",2,6,6,2,6,2,6,2,"Infield shift","Standard",227,"0","0.015"
"FS","2022-08-04","87.7","-1.76","5.39","Toussaint, Touki",572039,657053,"strikeout","swinging_strike_blocked",,,,,13,"Stephen Piscotty strikes out swinging.","R","R","R","LAA","OAK","S",2,,1,2,2022,"-1.05","0.4","-0.81","1.18",,,,1,3,"Top",,,,,435559,,,4.5521013129765056,-127.65904016913,-4.949628057496841,-12.438693569621048,25.485321619275993,-26.983744053920294,"3.33","1.56",,,,"88.9",1618,"7",663374,657053,435559,665120,650859,670351,623205,666176,666160,621493,"53.53",,,"0",1,0,0,,23,4,"Split-Finger",2,6,6,2,6,2,6,2,"Standard","Standard",237,"0.006","-0.112"
"FS","2022-08-04","86","-1.87","5.47","Toussaint, Touki",572039,657053,,"swinging_strike",,,,,8,"Stephen Piscotty strikes out swinging.","R","R","R","LAA","OAK","S",,,1,1,2022,"-1.05","0.28","0.01","1.92",,,,1,3,"Top",,,,,435559,,,6.653835816239898,-125.0124201472389,-2.734825206879685,-12.355587727446938,25.470073688774985,-28.89368007039883,"3.33","1.56",,,,"86.9",1558,"6.9",663374,657053,435559,665120,650859,670351,623205,666176,666160,621493,"53.59",,,,,,,,23,3,"Split-Finger",2,6,6,2,6,2,6,2,"Standard","Standard",233,"0","-0.036"
"SI","2022-08-04","91","-2.2","5.32","Toussaint, Touki",572039,657053,,"foul_tip",,,,,13,"Stephen Piscotty strikes out swinging.","R","R","R","LAA","OAK","S",,,1,0,2022,"-1.4","0.37","-0.92","1.96",,,,1,3,"Top",,,,,435559,,,6.250433979895093,-132.28115874182794,-3.235404932513501,-17.78260864387052,32.072692074078795,-27.336572307592434,"3.33","1.56",,,,"90.9",2083,"6.6",663374,657053,435559,665120,650859,670351,623205,666176,666160,621493,"53.93",,,,,,,,23,2,"Sinker",2,6,6,2,6,2,6,2,"Standard","Standard",230,"0","-0.031"
"SI","2022-08-04","90.1","-2.22","5.37","Toussaint, Touki",572039,657053,,"ball",,,,,13,"Stephen Piscotty strikes out swinging.","R","R","R","LAA","OAK","B",,,0,0,2022,"-1.55","0.19","-1.22","1.05",,,,1,3,"Top",,,,,435559,,,5.819248356991907,-130.89684159845558,-5.103911850412557,-18.99901249694015,32.16630931993308,-28.95495260234595,"3.48","1.51",,,,"90.1",2020,"6.7",663374,657053,435559,665120,650859,670351,623205,666176,666160,621493,"53.76",,,,,,,,23,1,"Sinker",2,6,6,2,6,2,6,2,"Standard","Standard",219,"0","0.023"
"SI","2022-07-30","92","-1.87","5.21","Toussaint, Touki",609274,657053,"grounded_into_double_play","hit_into_play",,,,,5,"Elier Hernandez grounds into a double play, third baseman Luis Rengifo to second baseman David Fletcher to first baseman Jared Walsh.   Josh H.   Smith out at 2nd.    Elier Hernandez out at 1st.","R","R","R","LAA","TEX","X",5,"ground_ball",1,1,2022,"-1.28","0.56","0.01","2.3",,,669701,1,8,"Top",106.18,168.76,,,545358,,,7.676120885861259,-133.70564879254167,-2.7465634913125783,-16.97151318999798,29.788517453893288,-25.091134227874758,"3.49","1.6",17,"95.6",-7,"93.3",2248,"7.2",663378,657053,545358,665120,664058,650859,623205,666176,669016,621493,"53.3",0.237,0.224,"0",1,0,0,2,66,3,"Sinker",4,7,7,4,7,4,7,4,"Standard","Standard",220,"0.014","-0.354"
"SI","2022-07-30","90.7","-1.8","5.26","Toussaint, Touki",609274,657053,,"foul",,,,,8,"Elier Hernandez grounds into a double play, third baseman Luis Rengifo to second baseman David Fletcher to first baseman Jared Walsh.   Josh H.   Smith out at 2nd.    Elier Hernandez out at 1st.","R","R","R","LAA","TEX","S",,,1,0,2022,"-0.9","0.77","0.01","1.72",,,669701,1,8,"Top",,,,,545358,,,6.523677649775134,-131.92331459482048,-4.634291030306565,-11.906270768403276,27.121814391338013,-22.356891335464145,"3.49","1.6",67,"36.9",28,"91.9",2171,"7",663378,657053,545358,665120,664058,650859,623205,666176,669016,621493,"53.52",,,,,,,,66,2,"Sinker",4,7,7,4,7,4,7,4,"Standard","Standard",224,"0","-0.058"
"CU","2022-07-30","74.5","-1.34","5.73","Toussaint, Touki",609274,657053,,"ball",,,,,14,"Elier Hernandez grounds into a double play, third baseman Luis Rengifo to second baseman David Fletcher to first baseman Jared Walsh.   Josh H.   Smith out at 2nd.    Elier Hernandez out at 1st.","R","R","R","LAA","TEX","B",,,0,0,2022,"0.93","-1.05","0.57","1.24",,,669701,1,8,"Top",,,,,545358,,,2.3063495579987663,-108.35770617008664,0.011859728256117474,6.739697131154481,22.950198567003174,-40.56863359994633,"3.51","1.59",,,,"75.1",2304,"7.2",663378,657053,545358,665120,664058,650859,623205,666176,669016,621493,"53.29",,,,,,,,66,1,"Curveball",4,7,7,4,7,4,7,4,"Standard","Standard",41,"0","0.042"
"SI","2022-07-30","91.9","-1.89","5.18","Toussaint, Touki",669701,657053,"walk","ball",,,,,11,"Josh H.   Smith walks.","R","L","R","LAA","TEX","B",,,3,1,2022,"-1.5","0.47","-1.57","2.76",,,,1,8,"Top",,,,,545358,,,4.132742673856764,-133.6021757663444,-1.1938686586786535,-18.74057913122723,34.03579739289408,-26.58027295570278,"3.16","1.37",,,,"92.4",2157,"7.1",663378,657053,545358,665120,664058,650859,623205,666176,669016,621493,"53.43",,,"0.7",1,0,0,,65,5,"Sinker",4,7,7,4,7,4,7,4,"Infield shift","Standard",226,"-0.007","0.163"
"CU","2022-07-30","75.9","-1.58","5.69","Toussaint, Touki",669701,657053,,"ball",,,,,13,"Josh H.   Smith walks.","R","L","R","LAA","TEX","B",,,2,1,2022,"1.09","-1.26","-0.24","0.6",,,,1,8,"Top",,,,,545358,,,0.861278763004484,-110.5606429218398,-1.2522667191342032,8.686857896787648,22.11036821590563,-42.38967870951207,"3.14","1.37",,,,"76.7",2488,"7.1",663378,657053,545358,665120,664058,650859,623205,666176,669016,621493,"53.42",,,,,,,,65,4,"Curveball",4,7,7,4,7,4,7,4,"Infield shift","Standard",42,"0","0.075"
"FS","2022-07-30","88.2","-1.91","5.28","Toussaint, Touki",669701,657053,,"ball",,,,,11,"Josh H.   Smith walks.","R","L","R","LAA","TEX","B",,,1,1,2022,"-1.02","0.11","-0.97","3.1",,,,1,8,"Top",,,,,545358,,,4.465350756357079,-128.53831677784322,0.507782443860757,-12.209493072277937,24.186701835850624,-31.240550688193263,"3.19","1.42",,,,"89.9",1625,"7.1",663378,657053,545358,665120,664058,650859,623205,666176,669016,621493,"53.45",,,,,,,,65,3,"Split-Finger",4,7,7,4,7,4,7,4,"Infield shift","Standard",235,"0","0.033"
"CU","2022-07-30","75.9","-1.64","5.63","Toussaint, Touki",669701,657053,,"swinging_strike",,,,,14,"Josh H.   Smith walks.","R","L","R","LAA","TEX","S",,,1,0,2022,"1.33","-0.93","0.74","0.91",,,,1,8,"Top",,,,,545358,,,2.620538747991686,-110.4431347110925,-0.9737904107580497,10.202509998718295,23.57383457042951,-39.740996363840544,"3.12","1.45",,,,"76",2558,"6.8",663378,657053,545358,665120,664058,650859,623205,666176,669016,621493,"53.69",,,,,,,,65,2,"Curveball",4,7,7,4,7,4,7,4,"Infield shift","Standard",49,"0","-0.031"
"CU","2022-07-30","75.4","-1.5","5.74","Toussaint, Touki",669701,657053,,"ball",,,,,12,"Josh H.   Smith walks.","R","L","R","LAA","TEX","B",,,0,0,2022,"1.59","-1.04","1.26","2.61",,,,1,8,"Top",,,,,545358,,,2.9220517621849362,-109.62346462802894,2.63059299375859,12.08000864651873,22.59521424415726,-41.21579345336912,"3.11","1.42",,,,"75.7",2485,"7",663378,657053,545358,665120,664058,650859,623205,666176,669016,621493,"53.54",,,,,,,,65,1,"Curveball",4,7,7,4,7,4,7,4,"Infield shift","Standard",44,"0","0.023"
"SI","2022-07-30","91","-1.74","5.25","Toussaint, Touki",677649,657053,"field_out","hit_into_play",,,,,5,"Ezequiel Duran pops out to first baseman Jared Walsh.","R","R","R","LAA","TEX","X",3,"popup",1,0,2022,"-1.28","0.46","0.09","2.21",,,,0,8,"Top",140.65,173,,,545358,,,7.433024629433714,-132.328579021158,-2.716459756117423,-16.68369606934868,29.555614164386085,-26.415630700017594,"3.33","1.57",81,"69.7",72,"92",2211,"7",663378,657053,545358,665120,664058,650859,623205,666176,669016,621493,"53.46",0.006,0.008,"0",1,0,0,3,64,2,"Sinker",4,7,7,4,7,4,7,4,"Standard","Standard",226,"0.007","-0.255"
"CU","2022-07-30","74.8","-1.25","5.83","Toussaint, Touki",677649,657053,,"ball",,,,,12,"Ezequiel Duran pops out to first baseman Jared Walsh.","R","R","R","LAA","TEX","B",,,0,0,2022,"1.17","-1.13","1.09","2.98",,,,0,8,"Top",,,,,545358,,,2.762494942319759,-108.73602836530601,3.4406124132229756,8.687711676702806,21.124645997036964,-41.972007186254146,"3.32","1.52",,,,"75",2456,"6.8",663378,657053,545358,665120,664058,650859,623205,666176,669016,621493,"53.74",,,,,,,,64,1,"Curveball",4,7,7,4,7,4,7,4,"Standard","Standard",48,"0","0.033"
"CU","2022-07-30","75.7","-1.46","5.6","Toussaint, Touki",594777,657053,"field_out","hit_into_play",,,,,8,"Kole Calhoun grounds out, shortstop Andrew Velazquez to first baseman Jared Walsh.","R","L","R","LAA","TEX","X",6,"ground_ball",1,1,2022,"1.1","-0.79","-0.26","1.9",,,,2,7,"Top",146.1,151.22,,,545358,,,0.5345936290240998,-110.13199091923653,0.893123724753871,8.777646808480668,21.92127597741506,-38.958018697015596,"3.05","1.49",52,"103.5",2,"76.4",2228,"7.1",663378,657053,545358,665120,664058,650859,623205,666176,669016,621493,"53.44",0.474,0.427,"0",1,0,0,4,60,3,"Curveball",4,7,7,4,7,4,7,4,"Infield shift","Standard",51,"0.005","-0.093"
"FS","2022-07-30","86.2","-1.73","5.34","Toussaint, Touki",594777,657053,,"ball",,,,,13,"Kole Calhoun grounds out, shortstop Andrew Velazquez to first baseman Jared Walsh.","R","L","R","LAA","TEX","B",,,0,1,2022,"-0.69","0.18","-1.05","2.04",,,,2,7,"Top",,,,,545358,,,3.0580532261887643,-125.64212228353412,-2.070383387231784,-7.916546746757354,23.477952997071238,-30.039971972605535,"3.09","1.46",,,,"88",1738,"7.1",663378,657053,545358,665120,664058,650859,623205,666176,669016,621493,"53.36",,,,,,,,60,2,"Split-Finger",4,7,7,4,7,4,7,4,"Infield shift","Standard",207,"0","0.011"
"CU","2022-07-30","76.1","-1.64","5.52","Toussaint, Touki",594777,657053,,"swinging_strike",,,,,13,"Kole Calhoun grounds out, shortstop Andrew Velazquez to first baseman Jared Walsh.","R","L","R","LAA","TEX","S",,,0,0,2022,"0.92","-0.8","-0.18","1.09",,,,2,7,"Top",,,,,545358,,,1.4361247116949176,-110.77824450992064,-0.7179619813043683,7.2161994024387335,22.071924677407583,-38.779184500033864,"3.05","1.49",,,,"76.8",2320,"7.1",663378,657053,545358,665120,664058,650859,623205,666176,669016,621493,"53.44",,,,,,,,60,1,"Curveball",4,7,7,4,7,4,7,4,"Infield shift","Standard",56,"0","-0.017"
"FS","2022-07-30","87.6","-1.54","5.35","Toussaint, Touki",666969,657053,"field_out","hit_into_play",,,,,13,"Adolis Garcia grounds out, third baseman Luis Rengifo to first baseman Jared Walsh.","R","R","R","LAA","TEX","X",5,"ground_ball",1,2,2022,"-0.71","0.33","-0.03","1.2",,,,1,7,"Top",95.29,168.16,,,545358,,,5.2200880028058485,-127.45961855847817,-4.648148856464762,-8.820736613219674,26.03902703764535,-27.792719361427743,"3.24","1.64",4,"76.9",-17,"89",1432,"7.2",663378,657053,545358,665120,664058,650859,623205,666176,669016,621493,"53.35",0.049,0.044,"0",1,0,0,2,59,5,"Split-Finger",4,7,7,4,7,4,7,4,"Standard","Standard",240,"0.006","-0.112"
"CU","2022-07-30","76.1","-1.33","5.67","Toussaint, Touki",666969,657053,,"foul",,,,,7,"Adolis Garcia grounds out, third baseman Luis Rengifo to first baseman Jared Walsh.","R","R","R","LAA","TEX","S",,,1,2,2022,"1.14","-1.04","-0.66","1.66",,,,1,7,"Top",,,,,545358,,,-0.6549091822457257,-110.69120823708043,0.7368792397206685,9.326450409813607,24.528971133339514,-40.985811941628725,"3.24","1.64",69,"75.8",5,"76.4",2301,"7.1",663378,657053,545358,665120,664058,650859,623205,666176,669016,621493,"53.38",,,,,,,,59,4,"Curveball",4,7,7,4,7,4,7,4,"Standard","Standard",46,"0","0"
"CU","2022-07-30","78.8","-1.32","5.63","Toussaint, Touki",666969,657053,,"ball",,,,,14,"Adolis Garcia grounds out, third baseman Luis Rengifo to first baseman Jared Walsh.","R","R","R","LAA","TEX","B",,,0,2,2022,"1.25","-1.05","1.79","0.52",,,,1,7,"Top",,,,,545358,,,4.509360987065892,-114.57214535659742,-2.1594267713839095,9.788101154124039,26.10300888060417,-41.055349845611175,"3.64","1.8",,,,"79.3",2470,"7.2",663378,657053,545358,665120,664058,650859,623205,666176,669016,621493,"53.26",,,,,,,,59,3,"Curveball",4,7,7,4,7,4,7,4,"Standard","Standard",49,"0","0.011"
"CU","2022-07-30","75.8","-1.35","5.8","Toussaint, Touki",666969,657053,,"called_strike",,,,,9,"Adolis Garcia grounds out, third baseman Luis Rengifo to first baseman Jared Walsh.","R","R","R","LAA","TEX","S",,,0,1,2022,"1.24","-1.02","0.43","2.16",,,,1,7,"Top",,,,,545358,,,1.50889659238826,-110.20141333355454,1.497341251996913,9.648009604534353,23.263122582672963,-40.96842598399165,"3.71","1.66",,,,"76.1",2365,"7",663378,657053,545358,665120,664058,650859,623205,666176,669016,621493,"53.54",,,,,,,,59,2,"Curveball",4,7,7,4,7,4,7,4,"Standard","Standard",48,"0","-0.031"
"CU","2022-07-30","75.4","-1.46","5.68","Toussaint, Touki",666969,657053,,"called_strike",,,,,14,"Adolis Garcia grounds out, third baseman Luis Rengifo to first baseman Jared Walsh.","R","R","R","LAA","TEX","S",,,0,0,2022,"1.31","-0.97","0.26","1.36",,,,1,7,"Top",,,,,545358,,,1.2480376458874816,-109.71601899879894,0.022844887797733637,10.205834902137044,22.7789596155083,-40.1382359236348,"3","1.54",,,,"76",2356,"7.1",663378,657053,545358,665120,664058,650859,623205,666176,669016,621493,"53.39",,,,,,,,59,1,"Curveball",4,7,7,4,7,4,7,4,"Standard","Standard",48,"0","-0.024"
"CU","2022-07-30","77.2","-1.37","5.58","Toussaint, Touki",663993,657053,"strikeout","swinging_strike_blocked",,,,,14,"Nathaniel Lowe strikes out swinging.","R","L","R","LAA","TEX","S",2,,1,2,2022,"1.21","-0.97","0.89","1.15",,,,0,7,"Top",,,,,545358,,,2.6518077913610147,-112.30124614113672,-0.5555677047189673,9.532425083642188,23.941073286779428,-40.43687798084143,"3.42","1.55",,,,"77.7",2312,"7.1",663378,657053,545358,665120,664058,650859,623205,666176,669016,621493,"53.45",,,"0",1,0,0,,58,5,"Curveball",4,7,7,4,7,4,7,4,"Strategic","Standard",47,"0.009","-0.158"
"FS","2022-07-30","87.2","-1.57","5.42","Toussaint, Touki",663993,657053,,"foul",,,,,8,"Nathaniel Lowe strikes out swinging.","R","L","R","LAA","TEX","S",,,1,2,2022,"-0.76","0.25","-0.21","2.09",,,,0,7,"Top",,,,,545358,,,4.948489216987867,-126.92617144333049,-2.4024236185738523,-9.24591286272648,25.36611656253158,-29.19077340625947,"3.42","1.55",212,"76.5",53,"88.9",1477,"7.3",663378,657053,545358,665120,664058,650859,623205,666176,669016,621493,"53.2",,,,,,,,58,4,"Split-Finger",4,7,7,4,7,4,7,4,"Strategic","Standard",233,"0","0"
"FS","2022-07-30","87.8","-1.69","5.36","Toussaint, Touki",663993,657053,,"ball",,,,,13,"Nathaniel Lowe strikes out swinging.","R","L","R","LAA","TEX","B",,,0,2,2022,"-0.78","0.07","-1.38","2.03",,,,0,7,"Top",,,,,545358,,,2.4224292335024558,-127.871601616657,-2.1061650208223357,-9.088071778762105,25.87548401628305,-31.203190686152652,"3.23","1.38",,,,"89.1",1368,"7",663378,657053,545358,665120,664058,650859,623205,666176,669016,621493,"53.48",,,,,,,,58,3,"Split-Finger",4,7,7,4,7,4,7,4,"Strategic","Standard",249,"0","0.017"
"CU","2022-07-30","75.9","-1.38","5.74","Toussaint, Touki",663993,657053,,"foul",,,,,14,"Nathaniel Lowe strikes out swinging.","R","L","R","LAA","TEX","S",,,0,1,2022,"1.29","-0.86","1.05","2.07",,,,0,7,"Top",,,,,545358,,,2.8114207170704053,-110.44707995810839,1.1115429043964955,9.779986452613649,23.597574758340286,-39.62075023357281,"3.42","1.55",228,"106.2",16,"76.3",2399,"7.1",663378,657053,545358,665120,664058,650859,623205,666176,669016,621493,"53.44",,,,,,,,58,2,"Curveball",4,7,7,4,7,4,7,4,"Strategic","Standard",47,"0","-0.046"
"CU","2022-07-30","75.7","-1.58","5.69","Toussaint, Touki",663993,657053,,"swinging_strike",,,,,14,"Nathaniel Lowe strikes out swinging.","R","L","R","LAA","TEX","S",,,0,0,2022,"1.12","-0.93","0.4","1.13",,,,0,7,"Top",,,,,545358,,,2.168584302342797,-110.16687236247371,-0.6598355729936263,8.586025497243618,22.285317384948645,-39.753569093213656,"3.42","1.55",,,,"76.3",2343,"7",663378,657053,545358,665120,664058,650859,623205,666176,669016,621493,"53.45",,,,,,,,58,1,"Curveball",4,7,7,4,7,4,7,4,"Standard","Standard",45,"0","-0.034"
"FS","2022-07-30","87.1","-1.85","5.25","Toussaint, Touki",641680,657053,"grounded_into_double_play","hit_into_play",,,,,4,"Jonah Heim grounds into a double play, second baseman David Fletcher to third baseman Luis Rengifo to first baseman Jared Walsh.   Marcus Semien out at 2nd.    Jonah Heim out at 1st.","R","L","R","LAA","TEX","X",4,"ground_ball",2,2,2022,"-0.73","0.36","-0.53","2.21",,,543760,1,6,"Top",153.35,158.48,,,545358,,,4.729066186723148,-126.8956217842753,-1.9288465440101006,-8.816549109799533,24.879901752088227,-28.09061753119749,"3.44","1.59",26,"103.3",-4,"88.6",1430,"7.1",663378,657053,545358,665120,664058,650859,623205,666176,669016,621493,"53.45",0.32,0.288,"0",1,0,0,2,53,5,"Split-Finger",4,7,7,4,7,4,7,4,"Infield shift","Standard",237,"0.024","-0.342"
"CU","2022-07-30","76.3","-1.57","5.61","Toussaint, Touki",641680,657053,,"blocked_ball",,,,,14,"Jonah Heim grounds into a double play, second baseman David Fletcher to third baseman Luis Rengifo to first baseman Jared Walsh.   Marcus Semien out at 2nd.    Jonah Heim out at 1st.","R","L","R","LAA","TEX","B",,,1,2,2022,"1.16","-1.07","1.15","0.94",,,543760,1,6,"Top",,,,,545358,,,3.6681470975737964,-110.97598927079866,-0.7246950409579922,8.721461681885822,22.964649518257406,-41.014411446536954,"3.29","1.42",,,,"76.9",2471,"7.1",663378,657053,545358,665120,664058,650859,623205,666176,669016,621493,"53.39",,,,,,,,53,4,"Curveball",4,7,7,4,7,4,7,4,"Infield shift","Standard",42,"0","0.057"
"CU","2022-07-30","76.3","-1.61","5.58","Toussaint, Touki",641680,657053,,"blocked_ball",,,,,14,"Jonah Heim grounds into a double play, second baseman David Fletcher to third baseman Luis Rengifo to first baseman Jared Walsh.   Marcus Semien out at 2nd.    Jonah Heim out at 1st.","R","L","R","LAA","TEX","B",,,0,2,2022,"1.08","-0.98","0.31","0.86",,,543760,1,6,"Top",,,,,545358,,,2.1270070259891263,-111.01060788561968,-0.9820478940918439,8.368767147753317,23.234710896184662,-40.23836616164368,"3.36","1.47",,,,"77",2378,"7.2",663378,657053,545358,665120,664058,650859,623205,666176,669016,621493,"53.32",,,,,,,,53,3,"Curveball",4,7,7,4,7,4,7,4,"Infield shift","Standard",47,"0","0.03"
"FS","2022-07-30","86.3","-1.81","5.25","Toussaint, Touki",641680,657053,,"foul",,,,,7,"Jonah Heim grounds into a double play, second baseman David Fletcher to third baseman Luis Rengifo to first baseman Jared Walsh.   Marcus Semien out at 2nd.    Jonah Heim out at 1st.","R","L","R","LAA","TEX","S",,,0,1,2022,"-0.93","0.28","-0.43","2.13",,,543760,1,6,"Top",,,,,545358,,,5.270793904795588,-125.61649681911423,-1.8076868043688572,-10.909898694870327,24.24424697833295,-29.08637618301649,"3.44","1.59",6,"72.6",-19,"87.7",1589,"7.1",663378,657053,545358,665120,664058,650859,623205,666176,669016,621493,"53.43",,,,,,,,53,2,"Split-Finger",4,7,7,4,7,4,7,4,"Infield shift","Standard",240,"0","-0.068"
"FS","2022-07-30","86.9","-1.92","5.31","Toussaint, Touki",641680,657053,,"swinging_strike",,,,,7,"Jonah Heim grounds into a double play, second baseman David Fletcher to third baseman Luis Rengifo to first baseman Jared Walsh.   Marcus Semien out at 2nd.    Jonah Heim out at 1st.","R","L","R","LAA","TEX","S",,,0,0,2022,"-1.04","0.5","-0.78","1.84",,,543760,1,6,"Top",,,,,545358,,,4.929241086342347,-126.46304515499807,-3.1716448721157255,-12.210458645572942,25.773747360254145,-26.40558092504705,"3.44","1.59",,,,"87.9",1594,"6.9",663378,657053,545358,665120,664058,650859,623205,666176,669016,621493,"53.56",,,,,,,,53,1,"Split-Finger",4,7,7,4,7,4,7,4,"Infield shift","Standard",242,"0","-0.048"
"CU","2022-07-30","77","-1.6","5.66","Toussaint, Touki",543760,657053,"single","hit_into_play",,,,,6,"Marcus Semien singles on a fly ball to right fielder Taylor Ward.","R","R","R","LAA","TEX","X",9,"fly_ball",2,1,2022,"0.98","-0.93","0.8","2.55",,,,1,6,"Top",177.61,132.12,,,545358,,,3.3534299970102532,-111.97733918404448,2.1921783177068694,7.5405812371561645,21.804345224653115,-40.6483008508398,"3.33","1.6",204,"69.5",45,"77.9",2340,"7.2",663378,657053,545358,665120,664058,650859,623205,666176,669016,621493,"53.34",0.291,0.296,"0.9",1,1,0,3,52,4,"Curveball",4,7,7,4,7,4,7,4,"Infield shift","Standard",50,"-0.011","0.237"
"SI","2022-07-30","92","-2.12","5.12","Toussaint, Touki",543760,657053,,"ball",,,,,13,"Marcus Semien singles on a fly ball to right fielder Taylor Ward.","R","R","R","LAA","TEX","B",,,1,1,2022,"-1.27","0.32","-1.41","1.42",,,,1,6,"Top",,,,,545358,,,4.627011833534698,-133.85896165712327,-4.250099525276424,-16.241364441653552,30.085112526903504,-27.56509223333086,"3.33","1.6",,,,"93.2",2139,"7.1",663378,657053,545358,665120,664058,650859,623205,666176,669016,621493,"53.41",,,,,,,,52,3,"Sinker",4,7,7,4,7,4,7,4,"Infield shift","Standard",226,"0","0.033"
"SI","2022-07-30","93","-1.99","5.18","Toussaint, Touki",543760,657053,,"foul",,,,,13,"Marcus Semien singles on a fly ball to right fielder Taylor Ward.","R","R","R","LAA","TEX","S",,,1,0,2022,"-1.53","0.75","-1.04","1.62",,,,1,6,"Top",,,,,545358,,,5.907022390094142,-135.27316318090732,-5.0380335023912695,-20.061604494446343,30.645510938315496,-22.081836855004198,"3.33","1.6",6,"90.6",-15,"94.2",2227,"7.1",663378,657053,545358,665120,664058,650859,623205,666176,669016,621493,"53.38",,,,,,,,52,2,"Sinker",4,7,7,4,7,4,7,4,"Infield shift","Standard",227,"0","-0.031"
"CU","2022-07-30","77.4","-1.74","5.64","Toussaint, Touki",543760,657053,,"ball",,,,,14,"Marcus Semien singles on a fly ball to right fielder Taylor Ward.","R","R","R","LAA","TEX","B",,,0,0,2022,"1.37","-0.91","1.82","1.67",,,,1,6,"Top",,,,,545358,,,5.154861620560496,-112.49850294004796,0.3408983435174504,10.370015853437819,24.48548831805377,-40.15955509471228,"3.4","1.6",,,,"77.9",2503,"7.1",663378,657053,545358,665120,664058,650859,623205,666176,669016,621493,"53.36",,,,,,,,52,1,"Curveball",4,7,7,4,7,4,7,4,"Infield shift","Standard",53,"0","0.023"
"SI","2022-07-30","93.2","-1.93","5.2","Toussaint, Touki",650619,657053,"home_run","hit_into_play",,,,,4,"Meibrys Viloria homers (1) on a fly ball to center field.   Josh H.   Smith scores.","R","L","R","LAA","TEX","X",,"fly_ball",2,0,2022,"-1","0.84","-0.5","2.34",,,669701,1,6,"Top",153.35,30.86,,,545358,,,5.933915516497495,-135.59271636686273,-3.4532244409818547,-13.588820774229266,29.933981121387152,-21.311090439194032,"3.18","1.51",421,"105.2",33,"94.5",2224,"7.1",663378,657053,545358,665120,664058,650859,623205,666176,669016,621493,"53.45",0.709,1.442,"2",1,0,3,6,51,3,"Sinker",4,5,5,4,7,4,7,4,"Infield shift","Standard",223,"-0.193","1.597"
"FS","2022-07-30","86","-1.85","5.34","Toussaint, Touki",650619,657053,,"ball",,,,,13,"Meibrys Viloria homers (1) on a fly ball to center field.   Josh H.   Smith scores.","R","L","R","LAA","TEX","B",,,1,0,2022,"-0.79","0","-1.63","2.02",,,669701,1,6,"Top",,,,,545358,,,2.156623880405559,-125.34378422745905,-1.654090366430735,-8.730019654641943,24.86437694927584,-32.104410678208566,"3.18","1.32",,,,"87.1",1624,"6.8",663378,657053,545358,665120,664058,650859,623205,666176,669016,621493,"53.66",,,,,,,,51,2,"Split-Finger",4,5,5,4,5,4,5,4,"Infield shift","Standard",234,"0","0.08"
"SI","2022-07-30","92.7","-1.95","5.2","Toussaint, Touki",650619,657053,,"ball",,,,,7,"Meibrys Viloria homers (1) on a fly ball to center field.   Josh H.   Smith scores.","R","L","R","LAA","TEX","B",,,0,0,2022,"-1.13","0.74","-0.72","1.39",,,669701,1,6,"Top",,,,,545358,,,5.654004354220179,-134.79211965315213,-5.585664648513666,-14.988830986600423,30.65023989803282,-22.085378392445527,"3.32","1.51",,,,"93.4",2158,"6.9",663378,657053,545358,665120,664058,650859,623205,666176,669016,621493,"53.63",,,,,,,,51,1,"Sinker",4,5,5,4,5,4,5,4,"Infield shift","Standard",228,"0","0.042"
"CU","2022-07-30","75.8","-1.29","5.8","Toussaint, Touki",609274,657053,"field_out","hit_into_play",,,,,4,"Elier Hernandez pops out to third baseman Luis Rengifo in foul territory.","R","R","R","LAA","TEX","X",5,"popup",0,2,2022,"0.98","-0.9","-0.53","2.44",,,669701,0,6,"Top",86.82,176.62,,,545358,,,-0.17333143124491468,-110.32429408813371,1.807201107789754,7.96705850876235,22.00486551081251,-40.03740484810636,"3.49","1.6",140,"86.6",68,"76.5",2278,"7",663378,657053,545358,665120,664058,650859,623205,666176,669016,621493,"53.46",0.003,0.003,"0",1,0,0,3,50,4,"Curveball",4,5,5,4,5,4,5,4,"Standard","Standard",50,"0.035","-0.207"
"FS","2022-07-30","87.1","-1.73","5.3","Toussaint, Touki",609274,657053,,"foul",,,,,4,"Elier Hernandez pops out to third baseman Luis Rengifo in foul territory.","R","R","R","LAA","TEX","S",,,0,2,2022,"-1.1","0.34","-0.6","2.33",,,669701,0,6,"Top",,,,,545358,,,5.045971930855094,-126.87422568868335,-1.7239060280250025,-12.912069162694385,23.543920184940376,-28.358657880742836,"3.49","1.6",10,"77.1",-13,"88.7",1513,"7",663378,657053,545358,665120,664058,650859,623205,666176,669016,621493,"53.49",,,,,,,,50,3,"Split-Finger",4,5,5,4,5,4,5,4,"Standard","Standard",236,"0","0"
"CU","2022-07-30","75.3","-1.21","5.78","Toussaint, Touki",609274,657053,,"called_strike",,,,,6,"Elier Hernandez pops out to third baseman Luis Rengifo in foul territory.","R","R","R","LAA","TEX","S",,,0,1,2022,"1.19","-1.07","0.38","2.87",,,669701,0,6,"Top",,,,,545358,,,1.1973120301373612,-109.56556712902635,3.117317639190683,9.260411708794335,21.200243734462354,-41.604509355963664,"3.56","1.74",,,,"75.8",2350,"6.9",663378,657053,545358,665120,664058,650859,623205,666176,669016,621493,"53.6",,,,,,,,50,2,"Curveball",4,5,5,4,5,4,5,4,"Standard","Standard",47,"0","-0.08"
"SI","2022-07-30","92.6","-1.99","5.25","Toussaint, Touki",609274,657053,,"called_strike",,,,,13,"Elier Hernandez pops out to third baseman Luis Rengifo in foul territory.","R","R","R","LAA","TEX","S",,,0,0,2022,"-1.35","0.49","-0.88","1.9",,,669701,0,6,"Top",,,,,545358,,,5.851284658049504,-134.78308602352735,-3.8670540034131227,-17.716747412580023,29.68459780910332,-25.535262006398895,"3.55","1.71",,,,"93.6",2205,"6.9",663378,657053,545358,665120,664058,650859,623205,666176,669016,621493,"53.62",,,,,,,,50,1,"Sinker",4,5,5,4,5,4,5,4,"Standard","Standard",230,"0","-0.066"
"CU","2022-07-30","77","-1.66","5.52","Toussaint, Touki",669701,657053,"walk","ball",,,,,13,"Josh H.   Smith walks.","R","L","R","LAA","TEX","B",,,3,2,2022,"1.07","-0.89","-1.03","1.49",,,,0,6,"Top",,,,,545358,,,-0.6086464881518181,-112.05200514170743,0.13129929689294806,9.054043823712272,22.279253447863635,-39.857707363238674,"3.07","1.37",,,,"77.8",2354,"7.1",663378,657053,545358,665120,664058,650859,623205,666176,669016,621493,"53.39",,,"0.7",1,0,0,,49,6,"Curveball",4,5,5,4,5,4,5,4,"Infield shift","Standard",52,"-0.037","0.321"
"FS","2022-07-30","87.9","-1.7","5.4","Toussaint, Touki",669701,657053,,"ball",,,,,11,"Josh H.   Smith walks.","R","L","R","LAA","TEX","B",,,2,2,2022,"-0.91","0.04","-1.26","2.79",,,,0,6,"Top",,,,,545358,,,2.9934181043813566,-128.09709502518857,-0.3700036421305576,-10.6808889118376,24.117394787671145,-31.89669166906345,"3.02","1.35",,,,"89.5",1432,"7",663378,657053,545358,665120,664058,650859,623205,666176,669016,621493,"53.51",,,,,,,,49,5,"Split-Finger",4,5,5,4,5,4,5,4,"Infield shift","Standard",234,"0","0.103"
"CU","2022-07-30","78","-1.49","5.64","Toussaint, Touki",669701,657053,,"ball",,,,,11,"Josh H.   Smith walks.","R","L","R","LAA","TEX","B",,,1,2,2022,"1.08","-0.95","-1.25","2.2",,,,0,6,"Top",,,,,545358,,,-1.4949625916850988,-113.47410946170965,1.3225579812271107,9.584270426197083,22.548388098349463,-40.82416862259148,"3","1.37",,,,"78.3",2387,"6.7",663378,657053,545358,665120,664058,650859,623205,666176,669016,621493,"53.82",,,,,,,,49,4,"Curveball",4,5,5,4,5,4,5,4,"Infield shift","Standard",55,"0","0.037"
"FS","2022-07-30","87","-1.81","5.28","Toussaint, Touki",669701,657053,,"called_strike",,,,,6,"Josh H.   Smith walks.","R","L","R","LAA","TEX","S",,,1,1,2022,"-0.92","0.4","0.72","2.32",,,,0,6,"Top",,,,,545358,,,8.059562813203245,-126.6189993442776,-1.8146481137151151,-11.464851622442296,23.590516891162107,-27.72109372101214,"3.16","1.45",,,,"88.4",1422,"7",663378,657053,545358,665120,664058,650859,623205,666176,669016,621493,"53.55",,,,,,,,49,3,"Split-Finger",4,5,5,4,5,4,5,4,"Infield shift","Standard",239,"0","-0.054"
"FS","2022-07-30","87.1","-1.88","5.24","Toussaint, Touki",669701,657053,,"called_strike",,,,,13,"Josh H.   Smith walks.","R","L","R","LAA","TEX","S",,,1,0,2022,"-0.92","0.18","-1.1","1.65",,,,0,6,"Top",,,,,545358,,,3.8066431747699605,-126.95508368279114,-2.9001855262358474,-10.718517720228249,23.797513390848223,-29.91482302430281,"3.13","1.4",,,,"88.4",1405,"6.8",663378,657053,545358,665120,664058,650859,623205,666176,669016,621493,"53.67",,,,,,,,49,2,"Split-Finger",4,5,5,4,5,4,5,4,"Infield shift","Standard",248,"0","-0.043"
"CU","2022-07-30","77","-1.72","5.62","Toussaint, Touki",669701,657053,,"ball",,,,,14,"Josh H.   Smith walks.","R","L","R","LAA","TEX","B",,,0,0,2022,"0.77","-0.96","0.65","0.66",,,,0,6,"Top",,,,,545358,,,3.671981093730427,-112.04121418926684,-1.721356057837224,5.699840656280935,23.09014068957172,-40.02183626182914,"3.07","1.33",,,,"77.4",2381,"6.9",663378,657053,545358,665120,664058,650859,623205,666176,669016,621493,"53.57",,,,,,,,49,1,"Curveball",4,5,5,4,5,4,5,4,"Infield shift","Standard",51,"0","0.033"
"SI","2022-07-30","93.6","-1.96","5.21","Toussaint, Touki",677649,657053,"field_out","hit_into_play",,,,,8,"Ezequiel Duran grounds out, shortstop Andrew Velazquez to first baseman Jared Walsh.","R","R","R","LAA","TEX","X",6,"ground_ball",2,0,2022,"-0.98","0.57","0.18","1.95",,,,2,5,"Top",105.57,150.01,,,545358,,,7.799891705286117,-136.13613997545716,-4.040251222774959,-13.866892030932181,27.347512537496804,-24.34624301981114,"3.33","1.57",4,"99.7",-26,"95.4",2353,"7.1",663378,657053,545358,665120,664058,650859,623205,666176,669016,621493,"53.36",0.114,0.103,"0",1,0,0,2,43,3,"Sinker",3,5,5,3,5,3,5,3,"Standard","Standard",220,"0.008","-0.137"
"SI","2022-07-30","91.8","-1.97","5.2","Toussaint, Touki",677649,657053,,"ball",,,,,14,"Ezequiel Duran grounds out, shortstop Andrew Velazquez to first baseman Jared Walsh.","R","R","R","LAA","TEX","B",,,1,0,2022,"-1.04","0.49","0.31","1.26",,,,2,5,"Top",,,,,545358,,,8.124555662907797,-133.50854265213385,-5.2664769376368294,-14.100761282494792,26.56952188148539,-25.393229460977942,"3.4","1.54",,,,"93.2",2264,"7",663378,657053,545358,665120,664058,650859,623205,666176,669016,621493,"53.51",,,,,,,,43,2,"Sinker",3,5,5,3,5,3,5,3,"Standard","Standard",226,"0","0.023"
"SI","2022-07-30","93.7","-2.27","5.15","Toussaint, Touki",677649,657053,,"ball",,,,,13,"Ezequiel Duran grounds out, shortstop Andrew Velazquez to first baseman Jared Walsh.","R","R","R","LAA","TEX","B",,,0,0,2022,"-1.19","0.54","-1.7","2.09",,,,2,5,"Top",,,,,545358,,,4.160513320197976,-136.35415884224528,-3.3890556738004363,-15.816036420899232,29.661165486540295,-24.92083551393991,"3.42","1.57",,,,"95.1",2330,"7.1",663378,657053,545358,665120,664058,650859,623205,666176,669016,621493,"53.44",,,,,,,,43,1,"Sinker",3,5,5,3,5,3,5,3,"Standard","Standard",227,"0","0.015"
"CU","2022-07-30","76.7","-1.68","5.66","Toussaint, Touki",594777,657053,"strikeout","called_strike",,,,,1,"Kole Calhoun called out on strikes.","R","L","R","LAA","TEX","S",2,,1,2,2022,"0.96","-0.88","-0.7","3.15",,,,1,5,"Top",,,,,545358,,,0.3111441307327766,-111.5910241391358,3.3369899079238925,7.987625414507472,20.44546267859013,-40.36661926488095,"3.05","1.39",,,,"77.3",2347,"6.8",663378,657053,545358,665120,664058,650859,623205,666176,669016,621493,"53.74",,,"0",1,0,0,,42,4,"Curveball",3,5,5,3,5,3,5,3,"Infield shift","Standard",50,"0.013","-0.112"
"FS","2022-07-30","88.3","-1.82","5.32","Toussaint, Touki",594777,657053,,"ball",,,,,13,"Kole Calhoun called out on strikes.","R","L","R","LAA","TEX","B",,,0,2,2022,"-1","0.17","-2.1","2.09",,,,1,5,"Top",,,,,545358,,,1.4400301486978848,-128.75626633332018,-2.2365879044893036,-11.511057407922234,24.316364701710015,-30.08066355854361,"3.02","1.44",,,,"90.2",1538,"7.1",663378,657053,545358,665120,664058,650859,623205,666176,669016,621493,"53.37",,,,,,,,42,3,"Split-Finger",3,5,5,3,5,3,5,3,"Infield shift","Standard",241,"0","0.011"
"FS","2022-07-30","88.5","-1.98","5.32","Toussaint, Touki",594777,657053,,"swinging_strike",,,,,13,"Kole Calhoun called out on strikes.","R","L","R","LAA","TEX","S",,,0,1,2022,"-0.89","0.06","-0.31","0.98",,,,1,5,"Top",,,,,545358,,,6.0036196479428865,-128.83273592509008,-4.7646773124391695,-11.106189363102622,23.949471470179052,-30.839162503330325,"3.05","1.49",,,,"90",1541,"7",663378,657053,545358,665120,664058,650859,623205,666176,669016,621493,"53.52",,,,,,,,42,2,"Split-Finger",3,5,5,3,5,3,5,3,"Infield shift","Standard",239,"0","-0.031"
"CU","2022-07-30","76","-1.87","5.73","Toussaint, Touki",594777,657053,,"swinging_strike",,,,,14,"Kole Calhoun called out on strikes.","R","L","R","LAA","TEX","S",,,0,0,2022,"1.12","-0.94","0.08","1.28",,,,1,5,"Top",,,,,545358,,,2.111331439136738,-110.70511879102295,-0.5179786465492562,8.720639678449214,21.160291164235204,-40.0011543941891,"3.05","1.49",,,,"76.4",2413,"6.7",663378,657053,545358,665120,664058,650859,623205,666176,669016,621493,"53.82",,,,,,,,42,1,"Curveball",3,5,5,3,5,3,5,3,"Infield shift","Standard",40,"0","-0.024"
"CU","2022-07-30","77","-1.36","5.73","Toussaint, Touki",666969,657053,"strikeout","swinging_strike_blocked",,,,,14,"Adolis Garcia strikes out swinging.","R","R","R","LAA","TEX","S",2,,2,2,2022,"0.86","-1.08","0.53","0.49",,,,0,5,"Top",,,,,545358,,,2.478039641279602,-112.08519795523495,-2.154819292525038,6.702368270139318,21.95995224975416,-41.04139081105798,"3.24","1.64",,,,"78.2",2316,"7.3",663378,657053,545358,665120,664058,650859,623205,666176,669016,621493,"53.22",,,"0",1,0,0,,41,5,"Curveball",3,5,5,3,5,3,5,3,"Standard","Standard",48,"0.017","-0.195"
"CU","2022-07-30","75.4","-1.31","5.78","Toussaint, Touki",666969,657053,,"foul",,,,,13,"Adolis Garcia strikes out swinging.","R","R","R","LAA","TEX","S",,,2,1,2022,"0.87","-1","-0.45","0.82",,,,0,5,"Top",,,,,545358,,,0.22688143621720433,-109.83399091474436,-1.3275207224443761,6.957457784282254,21.95126637535154,-40.13159680616803,"3.24","1.64",,,,"76",2251,"7",663378,657053,545358,665120,664058,650859,623205,666176,669016,621493,"53.52",,,,,,,,41,4,"Curveball",3,5,5,3,5,3,5,3,"Standard","Standard",46,"0","-0.066"
"SI","2022-07-30","92.8","-2.13","5.26","Toussaint, Touki",666969,657053,,"ball",,,,,11,"Adolis Garcia strikes out swinging.","R","R","R","LAA","TEX","B",,,1,1,2022,"-1.39","0.47","-1.38","2.76",,,,0,5,"Top",,,,,545358,,,5.026931287506885,-134.92480697585006,-1.5618827832720563,-18.0453284781041,32.5764855618298,-26.356572856545036,"3.25","1.72",,,,"93.5",2144,"7",663378,657053,545358,665120,664058,650859,623205,666176,669016,621493,"53.49",,,,,,,,41,3,"Sinker",3,5,5,3,5,3,5,3,"Standard","Standard",229,"0","0.049"
"SI","2022-07-30","92.7","-2.19","5.2","Toussaint, Touki",666969,657053,,"called_strike",,,,,13,"Adolis Garcia strikes out swinging.","R","R","R","LAA","TEX","S",,,1,0,2022,"-1.52","0.08","-0.92","2.18",,,,0,5,"Top",,,,,545358,,,6.657300179461431,-134.81093476322349,-2.038845774371577,-20.038253443804543,32.74220521889885,-30.999087955422358,"3.26","1.54",,,,"93.1",2191,"6.8",663378,657053,545358,665120,664058,650859,623205,666176,669016,621493,"53.69",,,,,,,,41,2,"Sinker",3,5,5,3,5,3,5,3,"Standard","Standard",224,"0","-0.043"
"CU","2022-07-30","76.1","-1.6","5.79","Toussaint, Touki",666969,657053,,"ball",,,,,13,"Adolis Garcia strikes out swinging.","R","R","R","LAA","TEX","B",,,0,0,2022,"1.08","-0.91","-0.32","0.85",,,,0,5,"Top",,,,,545358,,,0.7615315764437072,-110.8201030393368,-1.5923961734743477,8.612913014692184,22.654570150581566,-39.47220305025409,"2.98","1.54",,,,"76.7",2452,"7",663378,657053,545358,665120,664058,650859,623205,666176,669016,621493,"53.52",,,,,,,,41,1,"Curveball",3,5,5,3,5,3,5,3,"Standard","Standard",51,"0","0.033"